0 0 1 41 42 0.001
1 1 2 42 43 0.001
2 2 3 43 44 0.001
3 3 4 44 45 0.001
4 4 5 45 46 0.001
5 5 6 46 47 0.001
6 6 7 47 48 0.001
7 7 8 48 49 0.001
8 8 9 49 50 0.001
9 9 10 50 51 0.001
10 10 11 51 52 0.001
11 11 12 52 53 0.001
12 12 13 53 54 0.001
13 13 14 54 55 0.001
14 14 15 55 56 0.001
15 15 16 56 57 0.001
16 16 17 57 58 0.001
17 17 18 58 59 0.001
18 18 19 59 60 0.001
19 19 20 60 61 0.001
20 20 21 61 62 0.001
21 21 22 62 63 0.001
22 22 23 63 64 0.001
23 23 24 64 65 0.001
24 24 25 65 66 0.001
25 25 26 66 67 0.001
26 26 27 67 68 0.001
27 27 28 68 69 0.001
28 28 29 69 70 0.001
29 29 30 70 71 0.001
30 30 31 71 72 0.001
31 31 32 72 73 0.001
32 32 33 73 74 0.001
33 33 34 74 75 0.001
34 34 35 75 76 0.001
35 35 36 76 77 0.001
36 36 37 77 78 0.001
37 37 38 78 79 0.001
38 38 39 79 80 0.001
39 39 40 80 81 0.001
40 41 42 82 83 0.001
41 42 43 83 84 0.001
42 43 44 84 85 0.001
43 44 45 85 86 0.001
44 45 46 86 87 0.001
45 46 47 87 88 0.001
46 47 48 88 89 0.001
47 48 49 89 90 0.001
48 49 50 90 91 0.001
49 50 51 91 92 0.001
50 51 52 92 93 0.001
51 52 53 93 94 0.001
52 53 54 94 95 0.001
53 54 55 95 96 0.001
54 55 56 96 97 0.001
55 56 57 97 98 0.001
56 57 58 98 99 0.001
57 58 59 99 100 0.001
58 59 60 100 101 0.001
59 60 61 101 102 0.001
60 61 62 102 103 0.001
61 62 63 103 104 0.001
62 63 64 104 105 0.001
63 64 65 105 106 0.001
64 65 66 106 107 0.001
65 66 67 107 108 0.001
66 67 68 108 109 0.001
67 68 69 109 110 0.001
68 69 70 110 111 0.001
69 70 71 111 112 0.001
70 71 72 112 113 0.001
71 72 73 113 114 0.001
72 73 74 114 115 0.001
73 74 75 115 116 0.001
74 75 76 116 117 0.001
75 76 77 117 118 0.001
76 77 78 118 119 0.001
77 78 79 119 120 0.001
78 79 80 120 121 0.001
79 80 81 121 122 0.001
80 82 83 123 124 0.001
81 83 84 124 125 0.001
82 84 85 125 126 0.001
83 85 86 126 127 0.001
84 86 87 127 128 0.001
85 87 88 128 129 0.001
86 88 89 129 130 0.001
87 89 90 130 131 0.001
88 90 91 131 132 0.001
89 91 92 132 133 0.001
90 92 93 133 134 0.001
91 93 94 134 135 0.001
92 94 95 135 136 0.001
93 95 96 136 137 0.001
94 96 97 137 138 0.001
95 97 98 138 139 0.001
96 98 99 139 140 0.001
97 99 100 140 141 0.001
98 100 101 141 142 0.001
99 101 102 142 143 0.001
100 102 103 143 144 0.001
101 103 104 144 145 0.001
102 104 105 145 146 0.001
103 105 106 146 147 0.001
104 106 107 147 148 0.001
105 107 108 148 149 0.001
106 108 109 149 150 0.001
107 109 110 150 151 0.001
108 110 111 151 152 0.001
109 111 112 152 153 0.001
110 112 113 153 154 0.001
111 113 114 154 155 0.001
112 114 115 155 156 0.001
113 115 116 156 157 0.001
114 116 117 157 158 0.001
115 117 118 158 159 0.001
116 118 119 159 160 0.001
117 119 120 160 161 0.001
118 120 121 161 162 0.001
119 121 122 162 163 0.001
120 123 124 164 165 0.001
121 124 125 165 166 0.001
122 125 126 166 167 0.001
123 126 127 167 168 0.001
124 127 128 168 169 0.001
125 128 129 169 170 0.001
126 129 130 170 171 0.001
127 130 131 171 172 0.001
128 131 132 172 173 0.001
129 132 133 173 174 0.001
130 133 134 174 175 0.001
131 134 135 175 176 0.001
132 135 136 176 177 0.001
133 136 137 177 178 0.001
134 137 138 178 179 0.001
135 138 139 179 180 0.001
136 139 140 180 181 0.001
137 140 141 181 182 0.001
138 141 142 182 183 0.001
139 142 143 183 184 0.001
140 143 144 184 185 0.001
141 144 145 185 186 0.001
142 145 146 186 187 0.001
143 146 147 187 188 0.001
144 147 148 188 189 0.001
145 148 149 189 190 0.001
146 149 150 190 191 0.001
147 150 151 191 192 0.001
148 151 152 192 193 0.001
149 152 153 193 194 0.001
150 153 154 194 195 0.001
151 154 155 195 196 0.001
152 155 156 196 197 0.001
153 156 157 197 198 0.001
154 157 158 198 199 0.001
155 158 159 199 200 0.001
156 159 160 200 201 0.001
157 160 161 201 202 0.001
158 161 162 202 203 0.001
159 162 163 203 204 0.001
160 164 165 205 206 0.001
161 165 166 206 207 0.001
162 166 167 207 208 0.001
163 167 168 208 209 0.001
164 168 169 209 210 0.001
165 169 170 210 211 0.001
166 170 171 211 212 0.001
167 171 172 212 213 0.001
168 172 173 213 214 0.001
169 173 174 214 215 0.001
170 174 175 215 216 0.001
171 175 176 216 217 0.001
172 176 177 217 218 0.001
173 177 178 218 219 0.001
174 178 179 219 220 0.001
175 179 180 220 221 0.001
176 180 181 221 222 0.001
177 181 182 222 223 0.001
178 182 183 223 224 0.001
179 183 184 224 225 0.001
180 184 185 225 226 0.001
181 185 186 226 227 0.001
182 186 187 227 228 0.001
183 187 188 228 229 0.001
184 188 189 229 230 0.001
185 189 190 230 231 0.001
186 190 191 231 232 0.001
187 191 192 232 233 0.001
188 192 193 233 234 0.001
189 193 194 234 235 0.001
190 194 195 235 236 0.001
191 195 196 236 237 0.001
192 196 197 237 238 0.001
193 197 198 238 239 0.001
194 198 199 239 240 0.001
195 199 200 240 241 0.001
196 200 201 241 242 0.001
197 201 202 242 243 0.001
198 202 203 243 244 0.001
199 203 204 244 245 0.001
200 205 206 246 247 0.001
201 206 207 247 248 0.001
202 207 208 248 249 0.001
203 208 209 249 250 0.001
204 209 210 250 251 0.001
205 210 211 251 252 0.001
206 211 212 252 253 0.001
207 212 213 253 254 0.001
208 213 214 254 255 0.001
209 214 215 255 256 0.001
210 215 216 256 257 0.001
211 216 217 257 258 0.001
212 217 218 258 259 0.001
213 218 219 259 260 0.001
214 219 220 260 261 0.001
215 220 221 261 262 0.001
216 221 222 262 263 0.001
217 222 223 263 264 0.001
218 223 224 264 265 0.001
219 224 225 265 266 0.001
220 225 226 266 267 0.001
221 226 227 267 268 0.001
222 227 228 268 269 0.001
223 228 229 269 270 0.001
224 229 230 270 271 0.001
225 230 231 271 272 0.001
226 231 232 272 273 0.001
227 232 233 273 274 0.001
228 233 234 274 275 0.001
229 234 235 275 276 0.001
230 235 236 276 277 0.001
231 236 237 277 278 0.001
232 237 238 278 279 0.001
233 238 239 279 280 0.001
234 239 240 280 281 0.001
235 240 241 281 282 0.001
236 241 242 282 283 0.001
237 242 243 283 284 0.001
238 243 244 284 285 0.001
239 244 245 285 286 0.001
240 246 247 287 288 0.001
241 247 248 288 289 0.001
242 248 249 289 290 0.001
243 249 250 290 291 0.001
244 250 251 291 292 0.001
245 251 252 292 293 0.001
246 252 253 293 294 0.001
247 253 254 294 295 0.001
248 254 255 295 296 0.001
249 255 256 296 297 0.001
250 256 257 297 298 0.001
251 257 258 298 299 0.001
252 258 259 299 300 0.001
253 259 260 300 301 0.001
254 260 261 301 302 0.001
255 261 262 302 303 0.001
256 262 263 303 304 0.001
257 263 264 304 305 0.001
258 264 265 305 306 0.001
259 265 266 306 307 0.001
260 266 267 307 308 0.001
261 267 268 308 309 0.001
262 268 269 309 310 0.001
263 269 270 310 311 0.001
264 270 271 311 312 0.001
265 271 272 312 313 0.001
266 272 273 313 314 0.001
267 273 274 314 315 0.001
268 274 275 315 316 0.001
269 275 276 316 317 0.001
270 276 277 317 318 0.001
271 277 278 318 319 0.001
272 278 279 319 320 0.001
273 279 280 320 321 0.001
274 280 281 321 322 0.001
275 281 282 322 323 0.001
276 282 283 323 324 0.001
277 283 284 324 325 0.001
278 284 285 325 326 0.001
279 285 286 326 327 0.001
280 287 288 328 329 0.001
281 288 289 329 330 0.001
282 289 290 330 331 0.001
283 290 291 331 332 0.001
284 291 292 332 333 0.001
285 292 293 333 334 0.001
286 293 294 334 335 0.001
287 294 295 335 336 0.001
288 295 296 336 337 0.001
289 296 297 337 338 0.001
290 297 298 338 339 0.001
291 298 299 339 340 0.001
292 299 300 340 341 0.001
293 300 301 341 342 0.001
294 301 302 342 343 0.001
295 302 303 343 344 0.001
296 303 304 344 345 0.001
297 304 305 345 346 0.001
298 305 306 346 347 0.001
299 306 307 347 348 0.001
300 307 308 348 349 0.001
301 308 309 349 350 0.001
302 309 310 350 351 0.001
303 310 311 351 352 0.001
304 311 312 352 353 0.001
305 312 313 353 354 0.001
306 313 314 354 355 0.001
307 314 315 355 356 0.001
308 315 316 356 357 0.001
309 316 317 357 358 0.001
310 317 318 358 359 0.001
311 318 319 359 360 0.001
312 319 320 360 361 0.001
313 320 321 361 362 0.001
314 321 322 362 363 0.001
315 322 323 363 364 0.001
316 323 324 364 365 0.001
317 324 325 365 366 0.001
318 325 326 366 367 0.001
319 326 327 367 368 0.001
320 328 329 369 370 0.001
321 329 330 370 371 0.001
322 330 331 371 372 0.001
323 331 332 372 373 0.001
324 332 333 373 374 0.001
325 333 334 374 375 0.001
326 334 335 375 376 0.001
327 335 336 376 377 0.001
328 336 337 377 378 0.001
329 337 338 378 379 0.001
330 338 339 379 380 0.001
331 339 340 380 381 0.001
332 340 341 381 382 0.001
333 341 342 382 383 0.001
334 342 343 383 384 0.001
335 343 344 384 385 0.001
336 344 345 385 386 0.001
337 345 346 386 387 0.001
338 346 347 387 388 0.001
339 347 348 388 389 0.001
340 348 349 389 390 0.001
341 349 350 390 391 0.001
342 350 351 391 392 0.001
343 351 352 392 393 0.001
344 352 353 393 394 0.001
345 353 354 394 395 0.001
346 354 355 395 396 0.001
347 355 356 396 397 0.001
348 356 357 397 398 0.001
349 357 358 398 399 0.001
350 358 359 399 400 0.001
351 359 360 400 401 0.001
352 360 361 401 402 0.001
353 361 362 402 403 0.001
354 362 363 403 404 0.001
355 363 364 404 405 0.001
356 364 365 405 406 0.001
357 365 366 406 407 0.001
358 366 367 407 408 0.001
359 367 368 408 409 0.001
360 369 370 410 411 0.001
361 370 371 411 412 0.001
362 371 372 412 413 0.001
363 372 373 413 414 0.001
364 373 374 414 415 0.001
365 374 375 415 416 0.001
366 375 376 416 417 0.001
367 376 377 417 418 0.001
368 377 378 418 419 0.001
369 378 379 419 420 0.001
370 379 380 420 421 0.001
371 380 381 421 422 0.001
372 381 382 422 423 0.001
373 382 383 423 424 0.001
374 383 384 424 425 0.001
375 384 385 425 426 0.001
376 385 386 426 427 0.001
377 386 387 427 428 0.001
378 387 388 428 429 0.001
379 388 389 429 430 0.001
380 389 390 430 431 0.001
381 390 391 431 432 0.001
382 391 392 432 433 0.001
383 392 393 433 434 0.001
384 393 394 434 435 0.001
385 394 395 435 436 0.001
386 395 396 436 437 0.001
387 396 397 437 438 0.001
388 397 398 438 439 0.001
389 398 399 439 440 0.001
390 399 400 440 441 0.001
391 400 401 441 442 0.001
392 401 402 442 443 0.001
393 402 403 443 444 0.001
394 403 404 444 445 0.001
395 404 405 445 446 0.001
396 405 406 446 447 0.001
397 406 407 447 448 0.001
398 407 408 448 449 0.001
399 408 409 449 450 0.001
400 410 411 451 452 0.001
401 411 412 452 453 0.001
402 412 413 453 454 0.001
403 413 414 454 455 0.001
404 414 415 455 456 0.001
405 415 416 456 457 0.001
406 416 417 457 458 0.001
407 417 418 458 459 0.001
408 418 419 459 460 0.001
409 419 420 460 461 0.001
410 420 421 461 462 0.001
411 421 422 462 463 0.001
412 422 423 463 464 0.001
413 423 424 464 465 0.001
414 424 425 465 466 0.001
415 425 426 466 467 0.001
416 426 427 467 468 0.001
417 427 428 468 469 0.001
418 428 429 469 470 0.001
419 429 430 470 471 0.001
420 430 431 471 472 0.001
421 431 432 472 473 0.001
422 432 433 473 474 0.001
423 433 434 474 475 0.001
424 434 435 475 476 0.001
425 435 436 476 477 0.001
426 436 437 477 478 0.001
427 437 438 478 479 0.001
428 438 439 479 480 0.001
429 439 440 480 481 0.001
430 440 441 481 482 0.001
431 441 442 482 483 0.001
432 442 443 483 484 0.001
433 443 444 484 485 0.001
434 444 445 485 486 0.001
435 445 446 486 487 0.001
436 446 447 487 488 0.001
437 447 448 488 489 0.001
438 448 449 489 490 0.001
439 449 450 490 491 0.001
440 451 452 492 493 0.001
441 452 453 493 494 0.001
442 453 454 494 495 0.001
443 454 455 495 496 0.001
444 455 456 496 497 0.001
445 456 457 497 498 0.001
446 457 458 498 499 0.001
447 458 459 499 500 0.001
448 459 460 500 501 0.001
449 460 461 501 502 0.001
450 461 462 502 503 0.001
451 462 463 503 504 0.001
452 463 464 504 505 0.001
453 464 465 505 506 0.001
454 465 466 506 507 0.001
455 466 467 507 508 0.001
456 467 468 508 509 0.001
457 468 469 509 510 0.001
458 469 470 510 511 0.001
459 470 471 511 512 0.001
460 471 472 512 513 0.001
461 472 473 513 514 0.001
462 473 474 514 515 0.001
463 474 475 515 516 0.001
464 475 476 516 517 0.001
465 476 477 517 518 0.001
466 477 478 518 519 0.001
467 478 479 519 520 0.001
468 479 480 520 521 0.001
469 480 481 521 522 0.001
470 481 482 522 523 0.001
471 482 483 523 524 0.001
472 483 484 524 525 0.001
473 484 485 525 526 0.001
474 485 486 526 527 0.001
475 486 487 527 528 0.001
476 487 488 528 529 0.001
477 488 489 529 530 0.001
478 489 490 530 531 0.001
479 490 491 531 532 0.001
480 492 493 533 534 0.001
481 493 494 534 535 0.001
482 494 495 535 536 0.001
483 495 496 536 537 0.001
484 496 497 537 538 0.001
485 497 498 538 539 0.001
486 498 499 539 540 0.001
487 499 500 540 541 0.001
488 500 501 541 542 0.001
489 501 502 542 543 0.001
490 502 503 543 544 0.001
491 503 504 544 545 0.001
492 504 505 545 546 0.001
493 505 506 546 547 0.001
494 506 507 547 548 0.001
495 507 508 548 549 0.001
496 508 509 549 550 0.001
497 509 510 550 551 0.001
498 510 511 551 552 0.001
499 511 512 552 553 0.001
500 512 513 553 554 0.001
501 513 514 554 555 0.001
502 514 515 555 556 0.001
503 515 516 556 557 0.001
504 516 517 557 558 0.001
505 517 518 558 559 0.001
506 518 519 559 560 0.001
507 519 520 560 561 0.001
508 520 521 561 562 0.001
509 521 522 562 563 0.001
510 522 523 563 564 0.001
511 523 524 564 565 0.001
512 524 525 565 566 0.001
513 525 526 566 567 0.001
514 526 527 567 568 0.001
515 527 528 568 569 0.001
516 528 529 569 570 0.001
517 529 530 570 571 0.001
518 530 531 571 572 0.001
519 531 532 572 573 0.001
520 533 534 574 575 0.001
521 534 535 575 576 0.001
522 535 536 576 577 0.001
523 536 537 577 578 0.001
524 537 538 578 579 0.001
525 538 539 579 580 0.001
526 539 540 580 581 0.001
527 540 541 581 582 0.001
528 541 542 582 583 0.001
529 542 543 583 584 0.001
530 543 544 584 585 0.001
531 544 545 585 586 0.001
532 545 546 586 587 0.001
533 546 547 587 588 0.001
534 547 548 588 589 0.001
535 548 549 589 590 0.001
536 549 550 590 591 0.001
537 550 551 591 592 0.001
538 551 552 592 593 0.001
539 552 553 593 594 0.001
540 553 554 594 595 0.001
541 554 555 595 596 0.001
542 555 556 596 597 0.001
543 556 557 597 598 0.001
544 557 558 598 599 0.001
545 558 559 599 600 0.001
546 559 560 600 601 0.001
547 560 561 601 602 0.001
548 561 562 602 603 0.001
549 562 563 603 604 0.001
550 563 564 604 605 0.001
551 564 565 605 606 0.001
552 565 566 606 607 0.001
553 566 567 607 608 0.001
554 567 568 608 609 0.001
555 568 569 609 610 0.001
556 569 570 610 611 0.001
557 570 571 611 612 0.001
558 571 572 612 613 0.001
559 572 573 613 614 0.001
560 574 575 615 616 0.001
561 575 576 616 617 0.001
562 576 577 617 618 0.001
563 577 578 618 619 0.001
564 578 579 619 620 0.001
565 579 580 620 621 0.001
566 580 581 621 622 0.001
567 581 582 622 623 0.001
568 582 583 623 624 0.001
569 583 584 624 625 0.001
570 584 585 625 626 0.001
571 585 586 626 627 0.001
572 586 587 627 628 0.001
573 587 588 628 629 0.001
574 588 589 629 630 0.001
575 589 590 630 631 0.001
576 590 591 631 632 0.001
577 591 592 632 633 0.001
578 592 593 633 634 0.001
579 593 594 634 635 0.001
580 594 595 635 636 0.001
581 595 596 636 637 0.001
582 596 597 637 638 0.001
583 597 598 638 639 0.001
584 598 599 639 640 0.001
585 599 600 640 641 0.001
586 600 601 641 642 0.001
587 601 602 642 643 0.001
588 602 603 643 644 0.001
589 603 604 644 645 0.001
590 604 605 645 646 0.001
591 605 606 646 647 0.001
592 606 607 647 648 0.001
593 607 608 648 649 0.001
594 608 609 649 650 0.001
595 609 610 650 651 0.001
596 610 611 651 652 0.001
597 611 612 652 653 0.001
598 612 613 653 654 0.001
599 613 614 654 655 0.001
600 615 616 656 657 0.001
601 616 617 657 658 0.001
602 617 618 658 659 0.001
603 618 619 659 660 0.001
604 619 620 660 661 0.001
605 620 621 661 662 0.001
606 621 622 662 663 0.001
607 622 623 663 664 0.001
608 623 624 664 665 0.001
609 624 625 665 666 0.001
610 625 626 666 667 0.001
611 626 627 667 668 0.001
612 627 628 668 669 0.001
613 628 629 669 670 0.001
614 629 630 670 671 0.001
615 630 631 671 672 0.001
616 631 632 672 673 0.001
617 632 633 673 674 0.001
618 633 634 674 675 0.001
619 634 635 675 676 0.001
620 635 636 676 677 0.001
621 636 637 677 678 0.001
622 637 638 678 679 0.001
623 638 639 679 680 0.001
624 639 640 680 681 0.001
625 640 641 681 682 0.001
626 641 642 682 683 0.001
627 642 643 683 684 0.001
628 643 644 684 685 0.001
629 644 645 685 686 0.001
630 645 646 686 687 0.001
631 646 647 687 688 0.001
632 647 648 688 689 0.001
633 648 649 689 690 0.001
634 649 650 690 691 0.001
635 650 651 691 692 0.001
636 651 652 692 693 0.001
637 652 653 693 694 0.001
638 653 654 694 695 0.001
639 654 655 695 696 0.001
640 656 657 697 698 0.001
641 657 658 698 699 0.001
642 658 659 699 700 0.001
643 659 660 700 701 0.001
644 660 661 701 702 0.001
645 661 662 702 703 0.001
646 662 663 703 704 0.001
647 663 664 704 705 0.001
648 664 665 705 706 0.001
649 665 666 706 707 0.001
650 666 667 707 708 0.001
651 667 668 708 709 0.001
652 668 669 709 710 0.001
653 669 670 710 711 0.001
654 670 671 711 712 0.001
655 671 672 712 713 0.001
656 672 673 713 714 0.001
657 673 674 714 715 0.001
658 674 675 715 716 0.001
659 675 676 716 717 0.001
660 676 677 717 718 0.001
661 677 678 718 719 0.001
662 678 679 719 720 0.001
663 679 680 720 721 0.001
664 680 681 721 722 0.001
665 681 682 722 723 0.001
666 682 683 723 724 0.001
667 683 684 724 725 0.001
668 684 685 725 726 0.001
669 685 686 726 727 0.001
670 686 687 727 728 0.001
671 687 688 728 729 0.001
672 688 689 729 730 0.001
673 689 690 730 731 0.001
674 690 691 731 732 0.001
675 691 692 732 733 0.001
676 692 693 733 734 0.001
677 693 694 734 735 0.001
678 694 695 735 736 0.001
679 695 696 736 737 0.001
680 697 698 738 739 0.001
681 698 699 739 740 0.001
682 699 700 740 741 0.001
683 700 701 741 742 0.001
684 701 702 742 743 0.001
685 702 703 743 744 0.001
686 703 704 744 745 0.001
687 704 705 745 746 0.001
688 705 706 746 747 0.001
689 706 707 747 748 0.001
690 707 708 748 749 0.001
691 708 709 749 750 0.001
692 709 710 750 751 0.001
693 710 711 751 752 0.001
694 711 712 752 753 0.001
695 712 713 753 754 0.001
696 713 714 754 755 0.001
697 714 715 755 756 0.001
698 715 716 756 757 0.001
699 716 717 757 758 0.001
700 717 718 758 759 0.001
701 718 719 759 760 0.001
702 719 720 760 761 0.001
703 720 721 761 762 0.001
704 721 722 762 763 0.001
705 722 723 763 764 0.001
706 723 724 764 765 0.001
707 724 725 765 766 0.001
708 725 726 766 767 0.001
709 726 727 767 768 0.001
710 727 728 768 769 0.001
711 728 729 769 770 0.001
712 729 730 770 771 0.001
713 730 731 771 772 0.001
714 731 732 772 773 0.001
715 732 733 773 774 0.001
716 733 734 774 775 0.001
717 734 735 775 776 0.001
718 735 736 776 777 0.001
719 736 737 777 778 0.001
720 738 739 779 780 0.001
721 739 740 780 781 0.001
722 740 741 781 782 0.001
723 741 742 782 783 0.001
724 742 743 783 784 0.001
725 743 744 784 785 0.001
726 744 745 785 786 0.001
727 745 746 786 787 0.001
728 746 747 787 788 0.001
729 747 748 788 789 0.001
730 748 749 789 790 0.001
731 749 750 790 791 0.001
732 750 751 791 792 0.001
733 751 752 792 793 0.001
734 752 753 793 794 0.001
735 753 754 794 795 0.001
736 754 755 795 796 0.001
737 755 756 796 797 0.001
738 756 757 797 798 0.001
739 757 758 798 799 0.001
740 758 759 799 800 0.001
741 759 760 800 801 0.001
742 760 761 801 802 0.001
743 761 762 802 803 0.001
744 762 763 803 804 0.001
745 763 764 804 805 0.001
746 764 765 805 806 0.001
747 765 766 806 807 0.001
748 766 767 807 808 0.001
749 767 768 808 809 0.001
750 768 769 809 810 0.001
751 769 770 810 811 0.001
752 770 771 811 812 0.001
753 771 772 812 813 0.001
754 772 773 813 814 0.001
755 773 774 814 815 0.001
756 774 775 815 816 0.001
757 775 776 816 817 0.001
758 776 777 817 818 0.001
759 777 778 818 819 0.001
760 779 780 820 821 0.001
761 780 781 821 822 0.001
762 781 782 822 823 0.001
763 782 783 823 824 0.001
764 783 784 824 825 0.001
765 784 785 825 826 0.001
766 785 786 826 827 0.001
767 786 787 827 828 0.001
768 787 788 828 829 0.001
769 788 789 829 830 0.001
770 789 790 830 831 0.001
771 790 791 831 832 0.001
772 791 792 832 833 0.001
773 792 793 833 834 0.001
774 793 794 834 835 0.001
775 794 795 835 836 0.001
776 795 796 836 837 0.001
777 796 797 837 838 0.001
778 797 798 838 839 0.001
779 798 799 839 840 0.001
780 799 800 840 841 0.001
781 800 801 841 842 0.001
782 801 802 842 843 0.001
783 802 803 843 844 0.001
784 803 804 844 845 0.001
785 804 805 845 846 0.001
786 805 806 846 847 0.001
787 806 807 847 848 0.001
788 807 808 848 849 0.001
789 808 809 849 850 0.001
790 809 810 850 851 0.001
791 810 811 851 852 0.001
792 811 812 852 853 0.001
793 812 813 853 854 0.001
794 813 814 854 855 0.001
795 814 815 855 856 0.001
796 815 816 856 857 0.001
797 816 817 857 858 0.001
798 817 818 858 859 0.001
799 818 819 859 860 0.001
800 820 821 861 862 0.001
801 821 822 862 863 0.001
802 822 823 863 864 0.001
803 823 824 864 865 0.001
804 824 825 865 866 0.001
805 825 826 866 867 0.001
806 826 827 867 868 0.001
807 827 828 868 869 0.001
808 828 829 869 870 0.001
809 829 830 870 871 0.001
810 830 831 871 872 0.001
811 831 832 872 873 0.001
812 832 833 873 874 0.001
813 833 834 874 875 0.001
814 834 835 875 876 0.001
815 835 836 876 877 0.001
816 836 837 877 878 0.001
817 837 838 878 879 0.001
818 838 839 879 880 0.001
819 839 840 880 881 0.001
820 840 841 881 882 0.001
821 841 842 882 883 0.001
822 842 843 883 884 0.001
823 843 844 884 885 0.001
824 844 845 885 886 0.001
825 845 846 886 887 0.001
826 846 847 887 888 0.001
827 847 848 888 889 0.001
828 848 849 889 890 0.001
829 849 850 890 891 0.001
830 850 851 891 892 0.001
831 851 852 892 893 0.001
832 852 853 893 894 0.001
833 853 854 894 895 0.001
834 854 855 895 896 0.001
835 855 856 896 897 0.001
836 856 857 897 898 0.001
837 857 858 898 899 0.001
838 858 859 899 900 0.001
839 859 860 900 901 0.001
840 861 862 902 903 0.001
841 862 863 903 904 0.001
842 863 864 904 905 0.001
843 864 865 905 906 0.001
844 865 866 906 907 0.001
845 866 867 907 908 0.001
846 867 868 908 909 0.001
847 868 869 909 910 0.001
848 869 870 910 911 0.001
849 870 871 911 912 0.001
850 871 872 912 913 0.001
851 872 873 913 914 0.001
852 873 874 914 915 0.001
853 874 875 915 916 0.001
854 875 876 916 917 0.001
855 876 877 917 918 0.001
856 877 878 918 919 0.001
857 878 879 919 920 0.001
858 879 880 920 921 0.001
859 880 881 921 922 0.001
860 881 882 922 923 0.001
861 882 883 923 924 0.001
862 883 884 924 925 0.001
863 884 885 925 926 0.001
864 885 886 926 927 0.001
865 886 887 927 928 0.001
866 887 888 928 929 0.001
867 888 889 929 930 0.001
868 889 890 930 931 0.001
869 890 891 931 932 0.001
870 891 892 932 933 0.001
871 892 893 933 934 0.001
872 893 894 934 935 0.001
873 894 895 935 936 0.001
874 895 896 936 937 0.001
875 896 897 937 938 0.001
876 897 898 938 939 0.001
877 898 899 939 940 0.001
878 899 900 940 941 0.001
879 900 901 941 942 0.001
880 902 903 943 944 0.001
881 903 904 944 945 0.001
882 904 905 945 946 0.001
883 905 906 946 947 0.001
884 906 907 947 948 0.001
885 907 908 948 949 0.001
886 908 909 949 950 0.001
887 909 910 950 951 0.001
888 910 911 951 952 0.001
889 911 912 952 953 0.001
890 912 913 953 954 0.001
891 913 914 954 955 0.001
892 914 915 955 956 0.001
893 915 916 956 957 0.001
894 916 917 957 958 0.001
895 917 918 958 959 0.001
896 918 919 959 960 0.001
897 919 920 960 961 0.001
898 920 921 961 962 0.001
899 921 922 962 963 0.001
900 922 923 963 964 0.001
901 923 924 964 965 0.001
902 924 925 965 966 0.001
903 925 926 966 967 0.001
904 926 927 967 968 0.001
905 927 928 968 969 0.001
906 928 929 969 970 0.001
907 929 930 970 971 0.001
908 930 931 971 972 0.001
909 931 932 972 973 0.001
910 932 933 973 974 0.001
911 933 934 974 975 0.001
912 934 935 975 976 0.001
913 935 936 976 977 0.001
914 936 937 977 978 0.001
915 937 938 978 979 0.001
916 938 939 979 980 0.001
917 939 940 980 981 0.001
918 940 941 981 982 0.001
919 941 942 982 983 0.001
920 943 944 984 985 0.001
921 944 945 985 986 0.001
922 945 946 986 987 0.001
923 946 947 987 988 0.001
924 947 948 988 989 0.001
925 948 949 989 990 0.001
926 949 950 990 991 0.001
927 950 951 991 992 0.001
928 951 952 992 993 0.001
929 952 953 993 994 0.001
930 953 954 994 995 0.001
931 954 955 995 996 0.001
932 955 956 996 997 0.001
933 956 957 997 998 0.001
934 957 958 998 999 0.001
935 958 959 999 1000 0.001
936 959 960 1000 1001 0.001
937 960 961 1001 1002 0.001
938 961 962 1002 1003 0.001
939 962 963 1003 1004 0.001
940 963 964 1004 1005 0.001
941 964 965 1005 1006 0.001
942 965 966 1006 1007 0.001
943 966 967 1007 1008 0.001
944 967 968 1008 1009 0.001
945 968 969 1009 1010 0.001
946 969 970 1010 1011 0.001
947 970 971 1011 1012 0.001
948 971 972 1012 1013 0.001
949 972 973 1013 1014 0.001
950 973 974 1014 1015 0.001
951 974 975 1015 1016 0.001
952 975 976 1016 1017 0.001
953 976 977 1017 1018 0.001
954 977 978 1018 1019 0.001
955 978 979 1019 1020 0.001
956 979 980 1020 1021 0.001
957 980 981 1021 1022 0.001
958 981 982 1022 1023 0.001
959 982 983 1023 1024 0.001
