0 0 1 41 42 0.1
1 1 2 42 43 0.1
2 2 3 43 44 0.1
3 3 4 44 45 0.1
4 4 5 45 46 0.1
5 5 6 46 47 0.1
6 6 7 47 48 0.1
7 7 8 48 49 0.1
8 8 9 49 50 0.1
9 9 10 50 51 0.1
10 10 11 51 52 0.1
11 11 12 52 53 0.1
12 12 13 53 54 0.1
13 13 14 54 55 0.1
14 14 15 55 56 0.1
15 15 16 56 57 0.1
16 16 17 57 58 0.1
17 17 18 58 59 0.1
18 18 19 59 60 0.1
19 19 20 60 61 0.1
20 20 21 61 62 0.1
21 21 22 62 63 0.1
22 22 23 63 64 0.1
23 23 24 64 65 0.1
24 24 25 65 66 0.1
25 25 26 66 67 0.1
26 26 27 67 68 0.1
27 27 28 68 69 0.1
28 28 29 69 70 0.1
29 29 30 70 71 0.1
30 30 31 71 72 0.1
31 31 32 72 73 0.1
32 32 33 73 74 0.1
33 33 34 74 75 0.1
34 34 35 75 76 0.1
35 35 36 76 77 0.1
36 36 37 77 78 0.1
37 37 38 78 79 0.1
38 38 39 79 80 0.1
39 39 40 80 81 0.1
40 41 42 82 83 0.1
41 42 43 83 84 0.1
42 43 44 84 85 0.1
43 44 45 85 86 0.1
44 45 46 86 87 0.1
45 46 47 87 88 0.1
46 47 48 88 89 0.1
47 48 49 89 90 0.1
48 49 50 90 91 0.1
49 50 51 91 92 0.1
50 51 52 92 93 0.1
51 52 53 93 94 0.1
52 53 54 94 95 0.1
53 54 55 95 96 0.1
54 55 56 96 97 0.1
55 56 57 97 98 0.1
56 57 58 98 99 0.1
57 58 59 99 100 0.1
58 59 60 100 101 0.1
59 60 61 101 102 0.1
60 61 62 102 103 0.1
61 62 63 103 104 0.1
62 63 64 104 105 0.1
63 64 65 105 106 0.1
64 65 66 106 107 0.1
65 66 67 107 108 0.1
66 67 68 108 109 0.1
67 68 69 109 110 0.1
68 69 70 110 111 0.1
69 70 71 111 112 0.1
70 71 72 112 113 0.1
71 72 73 113 114 0.1
72 73 74 114 115 0.1
73 74 75 115 116 0.1
74 75 76 116 117 0.1
75 76 77 117 118 0.1
76 77 78 118 119 0.1
77 78 79 119 120 0.1
78 79 80 120 121 0.1
79 80 81 121 122 0.1
80 82 83 123 124 0.1
81 83 84 124 125 0.1
82 84 85 125 126 0.1
83 85 86 126 127 0.1
84 86 87 127 128 0.1
85 87 88 128 129 0.1
86 88 89 129 130 0.1
87 89 90 130 131 0.1
88 90 91 131 132 0.1
89 91 92 132 133 0.1
90 92 93 133 134 0.1
91 93 94 134 135 0.1
92 94 95 135 136 0.1
93 95 96 136 137 0.1
94 96 97 137 138 0.1
95 97 98 138 139 0.1
96 98 99 139 140 0.1
97 99 100 140 141 0.1
98 100 101 141 142 0.1
99 101 102 142 143 0.1
100 102 103 143 144 0.1
101 103 104 144 145 0.1
102 104 105 145 146 0.1
103 105 106 146 147 0.1
104 106 107 147 148 0.1
105 107 108 148 149 0.1
106 108 109 149 150 0.1
107 109 110 150 151 0.1
108 110 111 151 152 0.1
109 111 112 152 153 0.1
110 112 113 153 154 0.1
111 113 114 154 155 0.1
112 114 115 155 156 0.1
113 115 116 156 157 0.1
114 116 117 157 158 0.1
115 117 118 158 159 0.1
116 118 119 159 160 0.1
117 119 120 160 161 0.1
118 120 121 161 162 0.1
119 121 122 162 163 0.1
120 123 124 164 165 0.1
121 124 125 165 166 0.1
122 125 126 166 167 0.1
123 126 127 167 168 0.1
124 127 128 168 169 0.1
125 128 129 169 170 0.1
126 129 130 170 171 0.1
127 130 131 171 172 0.1
128 131 132 172 173 0.1
129 132 133 173 174 0.1
130 133 134 174 175 0.1
131 134 135 175 176 0.1
132 135 136 176 177 0.1
133 136 137 177 178 0.1
134 137 138 178 179 0.1
135 138 139 179 180 0.1
136 139 140 180 181 0.1
137 140 141 181 182 0.1
138 141 142 182 183 0.1
139 142 143 183 184 0.1
140 143 144 184 185 0.1
141 144 145 185 186 0.1
142 145 146 186 187 0.1
143 146 147 187 188 0.1
144 147 148 188 189 0.1
145 148 149 189 190 0.1
146 149 150 190 191 0.1
147 150 151 191 192 0.1
148 151 152 192 193 0.1
149 152 153 193 194 0.1
150 153 154 194 195 0.1
151 154 155 195 196 0.1
152 155 156 196 197 0.1
153 156 157 197 198 0.1
154 157 158 198 199 0.1
155 158 159 199 200 0.1
156 159 160 200 201 0.1
157 160 161 201 202 0.1
158 161 162 202 203 0.1
159 162 163 203 204 0.1
160 164 165 205 206 0.1
161 165 166 206 207 0.1
162 166 167 207 208 0.1
163 167 168 208 209 0.1
164 168 169 209 210 0.1
165 169 170 210 211 0.1
166 170 171 211 212 0.1
167 171 172 212 213 0.1
168 172 173 213 214 0.1
169 173 174 214 215 0.1
170 174 175 215 216 0.1
171 175 176 216 217 0.1
172 176 177 217 218 0.1
173 177 178 218 219 0.1
174 178 179 219 220 0.1
175 179 180 220 221 0.1
176 180 181 221 222 0.1
177 181 182 222 223 0.1
178 182 183 223 224 0.1
179 183 184 224 225 0.1
180 184 185 225 226 0.1
181 185 186 226 227 0.1
182 186 187 227 228 0.1
183 187 188 228 229 0.1
184 188 189 229 230 0.1
185 189 190 230 231 0.1
186 190 191 231 232 0.1
187 191 192 232 233 0.1
188 192 193 233 234 0.1
189 193 194 234 235 0.1
190 194 195 235 236 0.1
191 195 196 236 237 0.1
192 196 197 237 238 0.1
193 197 198 238 239 0.1
194 198 199 239 240 0.1
195 199 200 240 241 0.1
196 200 201 241 242 0.1
197 201 202 242 243 0.1
198 202 203 243 244 0.1
199 203 204 244 245 0.1
200 205 206 246 247 0.1
201 206 207 247 248 0.1
202 207 208 248 249 0.1
203 208 209 249 250 0.1
204 209 210 250 251 0.1
205 210 211 251 252 0.1
206 211 212 252 253 0.1
207 212 213 253 254 0.1
208 213 214 254 255 0.1
209 214 215 255 256 0.1
210 215 216 256 257 0.1
211 216 217 257 258 0.1
212 217 218 258 259 0.1
213 218 219 259 260 0.1
214 219 220 260 261 0.1
215 220 221 261 262 0.1
216 221 222 262 263 0.1
217 222 223 263 264 0.1
218 223 224 264 265 0.1
219 224 225 265 266 0.1
220 225 226 266 267 0.1
221 226 227 267 268 0.1
222 227 228 268 269 0.1
223 228 229 269 270 0.1
224 229 230 270 271 0.1
225 230 231 271 272 0.1
226 231 232 272 273 0.1
227 232 233 273 274 0.1
228 233 234 274 275 0.1
229 234 235 275 276 0.1
230 235 236 276 277 0.1
231 236 237 277 278 0.1
232 237 238 278 279 0.1
233 238 239 279 280 0.1
234 239 240 280 281 0.1
235 240 241 281 282 0.1
236 241 242 282 283 0.1
237 242 243 283 284 0.1
238 243 244 284 285 0.1
239 244 245 285 286 0.1
240 246 247 287 288 0.1
241 247 248 288 289 0.1
242 248 249 289 290 0.1
243 249 250 290 291 0.1
244 250 251 291 292 0.1
245 251 252 292 293 0.1
246 252 253 293 294 0.1
247 253 254 294 295 0.1
248 254 255 295 296 0.1
249 255 256 296 297 0.1
250 256 257 297 298 0.1
251 257 258 298 299 0.1
252 258 259 299 300 0.1
253 259 260 300 301 0.1
254 260 261 301 302 0.1
255 261 262 302 303 0.1
256 262 263 303 304 0.1
257 263 264 304 305 0.1
258 264 265 305 306 0.1
259 265 266 306 307 0.1
260 266 267 307 308 0.1
261 267 268 308 309 0.1
262 268 269 309 310 0.1
263 269 270 310 311 0.1
264 270 271 311 312 0.1
265 271 272 312 313 0.1
266 272 273 313 314 0.1
267 273 274 314 315 0.1
268 274 275 315 316 0.1
269 275 276 316 317 0.1
270 276 277 317 318 0.1
271 277 278 318 319 0.1
272 278 279 319 320 0.1
273 279 280 320 321 0.1
274 280 281 321 322 0.1
275 281 282 322 323 0.1
276 282 283 323 324 0.1
277 283 284 324 325 0.1
278 284 285 325 326 0.1
279 285 286 326 327 0.1
280 287 288 328 329 0.1
281 288 289 329 330 0.1
282 289 290 330 331 0.1
283 290 291 331 332 0.1
284 291 292 332 333 0.1
285 292 293 333 334 0.1
286 293 294 334 335 0.1
287 294 295 335 336 0.1
288 295 296 336 337 0.1
289 296 297 337 338 0.1
290 297 298 338 339 0.1
291 298 299 339 340 0.1
292 299 300 340 341 0.1
293 300 301 341 342 0.1
294 301 302 342 343 0.1
295 302 303 343 344 0.1
296 303 304 344 345 0.1
297 304 305 345 346 0.1
298 305 306 346 347 0.1
299 306 307 347 348 0.1
300 307 308 348 349 0.1
301 308 309 349 350 0.1
302 309 310 350 351 0.1
303 310 311 351 352 0.1
304 311 312 352 353 0.1
305 312 313 353 354 0.1
306 313 314 354 355 0.1
307 314 315 355 356 0.1
308 315 316 356 357 0.1
309 316 317 357 358 0.1
310 317 318 358 359 0.1
311 318 319 359 360 0.1
312 319 320 360 361 0.1
313 320 321 361 362 0.1
314 321 322 362 363 0.1
315 322 323 363 364 0.1
316 323 324 364 365 0.1
317 324 325 365 366 0.1
318 325 326 366 367 0.1
319 326 327 367 368 0.1
320 328 329 369 370 0.1
321 329 330 370 371 0.1
322 330 331 371 372 0.1
323 331 332 372 373 0.1
324 332 333 373 374 0.1
325 333 334 374 375 0.1
326 334 335 375 376 0.1
327 335 336 376 377 0.1
328 336 337 377 378 0.1
329 337 338 378 379 0.1
330 338 339 379 380 0.1
331 339 340 380 381 0.1
332 340 341 381 382 0.1
333 341 342 382 383 0.1
334 342 343 383 384 0.1
335 343 344 384 385 0.1
336 344 345 385 386 0.1
337 345 346 386 387 0.1
338 346 347 387 388 0.1
339 347 348 388 389 0.1
340 348 349 389 390 0.1
341 349 350 390 391 0.1
342 350 351 391 392 0.1
343 351 352 392 393 0.1
344 352 353 393 394 0.1
345 353 354 394 395 0.1
346 354 355 395 396 0.1
347 355 356 396 397 0.1
348 356 357 397 398 0.1
349 357 358 398 399 0.1
350 358 359 399 400 0.1
351 359 360 400 401 0.1
352 360 361 401 402 0.1
353 361 362 402 403 0.1
354 362 363 403 404 0.1
355 363 364 404 405 0.1
356 364 365 405 406 0.1
357 365 366 406 407 0.1
358 366 367 407 408 0.1
359 367 368 408 409 0.1
360 369 370 410 411 0.1
361 370 371 411 412 0.1
362 371 372 412 413 0.1
363 372 373 413 414 0.1
364 373 374 414 415 0.1
365 374 375 415 416 0.1
366 375 376 416 417 0.1
367 376 377 417 418 0.1
368 377 378 418 419 0.1
369 378 379 419 420 0.1
370 379 380 420 421 0.1
371 380 381 421 422 0.1
372 381 382 422 423 0.1
373 382 383 423 424 0.1
374 383 384 424 425 0.1
375 384 385 425 426 0.1
376 385 386 426 427 0.1
377 386 387 427 428 0.1
378 387 388 428 429 0.1
379 388 389 429 430 0.1
380 389 390 430 431 0.1
381 390 391 431 432 0.1
382 391 392 432 433 0.1
383 392 393 433 434 0.1
384 393 394 434 435 0.1
385 394 395 435 436 0.1
386 395 396 436 437 0.1
387 396 397 437 438 0.1
388 397 398 438 439 0.1
389 398 399 439 440 0.1
390 399 400 440 441 0.1
391 400 401 441 442 0.1
392 401 402 442 443 0.1
393 402 403 443 444 0.1
394 403 404 444 445 0.1
395 404 405 445 446 0.1
396 405 406 446 447 0.1
397 406 407 447 448 0.1
398 407 408 448 449 0.1
399 408 409 449 450 0.1
400 410 411 451 452 0.1
401 411 412 452 453 0.1
402 412 413 453 454 0.1
403 413 414 454 455 0.1
404 414 415 455 456 0.1
405 415 416 456 457 0.1
406 416 417 457 458 0.1
407 417 418 458 459 0.1
408 418 419 459 460 0.1
409 419 420 460 461 0.1
410 420 421 461 462 0.1
411 421 422 462 463 0.1
412 422 423 463 464 0.1
413 423 424 464 465 0.1
414 424 425 465 466 0.1
415 425 426 466 467 0.1
416 426 427 467 468 0.1
417 427 428 468 469 0.1
418 428 429 469 470 0.1
419 429 430 470 471 0.1
420 430 431 471 472 0.1
421 431 432 472 473 0.1
422 432 433 473 474 0.1
423 433 434 474 475 0.1
424 434 435 475 476 0.1
425 435 436 476 477 0.1
426 436 437 477 478 0.1
427 437 438 478 479 0.1
428 438 439 479 480 0.1
429 439 440 480 481 0.1
430 440 441 481 482 0.1
431 441 442 482 483 0.1
432 442 443 483 484 0.1
433 443 444 484 485 0.1
434 444 445 485 486 0.1
435 445 446 486 487 0.1
436 446 447 487 488 0.1
437 447 448 488 489 0.1
438 448 449 489 490 0.1
439 449 450 490 491 0.1
440 451 452 492 493 0.1
441 452 453 493 494 0.1
442 453 454 494 495 0.1
443 454 455 495 496 0.1
444 455 456 496 497 0.1
445 456 457 497 498 0.1
446 457 458 498 499 0.1
447 458 459 499 500 0.1
448 459 460 500 501 0.1
449 460 461 501 502 0.1
450 461 462 502 503 0.1
451 462 463 503 504 0.1
452 463 464 504 505 0.1
453 464 465 505 506 0.1
454 465 466 506 507 0.1
455 466 467 507 508 0.1
456 467 468 508 509 0.1
457 468 469 509 510 0.1
458 469 470 510 511 0.1
459 470 471 511 512 0.1
460 471 472 512 513 0.1
461 472 473 513 514 0.1
462 473 474 514 515 0.1
463 474 475 515 516 0.1
464 475 476 516 517 0.1
465 476 477 517 518 0.1
466 477 478 518 519 0.1
467 478 479 519 520 0.1
468 479 480 520 521 0.1
469 480 481 521 522 0.1
470 481 482 522 523 0.1
471 482 483 523 524 0.1
472 483 484 524 525 0.1
473 484 485 525 526 0.1
474 485 486 526 527 0.1
475 486 487 527 528 0.1
476 487 488 528 529 0.1
477 488 489 529 530 0.1
478 489 490 530 531 0.1
479 490 491 531 532 0.1
480 492 493 533 534 0.1
481 493 494 534 535 0.1
482 494 495 535 536 0.1
483 495 496 536 537 0.1
484 496 497 537 538 0.1
485 497 498 538 539 0.1
486 498 499 539 540 0.1
487 499 500 540 541 0.1
488 500 501 541 542 0.1
489 501 502 542 543 0.1
490 502 503 543 544 0.1
491 503 504 544 545 0.1
492 504 505 545 546 0.1
493 505 506 546 547 0.1
494 506 507 547 548 0.1
495 507 508 548 549 0.1
496 508 509 549 550 0.1
497 509 510 550 551 0.1
498 510 511 551 552 0.1
499 511 512 552 553 0.1
500 512 513 553 554 0.1
501 513 514 554 555 0.1
502 514 515 555 556 0.1
503 515 516 556 557 0.1
504 516 517 557 558 0.1
505 517 518 558 559 0.1
506 518 519 559 560 0.1
507 519 520 560 561 0.1
508 520 521 561 562 0.1
509 521 522 562 563 0.1
510 522 523 563 564 0.1
511 523 524 564 565 0.1
512 524 525 565 566 0.1
513 525 526 566 567 0.1
514 526 527 567 568 0.1
515 527 528 568 569 0.1
516 528 529 569 570 0.1
517 529 530 570 571 0.1
518 530 531 571 572 0.1
519 531 532 572 573 0.1
520 533 534 574 575 0.1
521 534 535 575 576 0.1
522 535 536 576 577 0.1
523 536 537 577 578 0.1
524 537 538 578 579 0.1
525 538 539 579 580 0.1
526 539 540 580 581 0.1
527 540 541 581 582 0.1
528 541 542 582 583 0.1
529 542 543 583 584 0.1
530 543 544 584 585 0.1
531 544 545 585 586 0.1
532 545 546 586 587 0.1
533 546 547 587 588 0.1
534 547 548 588 589 0.1
535 548 549 589 590 0.1
536 549 550 590 591 0.1
537 550 551 591 592 0.1
538 551 552 592 593 0.1
539 552 553 593 594 0.1
540 553 554 594 595 0.1
541 554 555 595 596 0.1
542 555 556 596 597 0.1
543 556 557 597 598 0.1
544 557 558 598 599 0.1
545 558 559 599 600 0.1
546 559 560 600 601 0.1
547 560 561 601 602 0.1
548 561 562 602 603 0.1
549 562 563 603 604 0.1
550 563 564 604 605 0.1
551 564 565 605 606 0.1
552 565 566 606 607 0.1
553 566 567 607 608 0.1
554 567 568 608 609 0.1
555 568 569 609 610 0.1
556 569 570 610 611 0.1
557 570 571 611 612 0.1
558 571 572 612 613 0.1
559 572 573 613 614 0.1
560 574 575 615 616 0.1
561 575 576 616 617 0.1
562 576 577 617 618 0.1
563 577 578 618 619 0.1
564 578 579 619 620 0.1
565 579 580 620 621 0.1
566 580 581 621 622 0.1
567 581 582 622 623 0.1
568 582 583 623 624 0.1
569 583 584 624 625 0.1
570 584 585 625 626 0.1
571 585 586 626 627 0.1
572 586 587 627 628 0.1
573 587 588 628 629 0.1
574 588 589 629 630 0.1
575 589 590 630 631 0.1
576 590 591 631 632 0.1
577 591 592 632 633 0.1
578 592 593 633 634 0.1
579 593 594 634 635 0.1
580 594 595 635 636 0.1
581 595 596 636 637 0.1
582 596 597 637 638 0.1
583 597 598 638 639 0.1
584 598 599 639 640 0.1
585 599 600 640 641 0.1
586 600 601 641 642 0.1
587 601 602 642 643 0.1
588 602 603 643 644 0.1
589 603 604 644 645 0.1
590 604 605 645 646 0.1
591 605 606 646 647 0.1
592 606 607 647 648 0.1
593 607 608 648 649 0.1
594 608 609 649 650 0.1
595 609 610 650 651 0.1
596 610 611 651 652 0.1
597 611 612 652 653 0.1
598 612 613 653 654 0.1
599 613 614 654 655 0.1
600 615 616 656 657 0.1
601 616 617 657 658 0.1
602 617 618 658 659 0.1
603 618 619 659 660 0.1
604 619 620 660 661 0.1
605 620 621 661 662 0.1
606 621 622 662 663 0.1
607 622 623 663 664 0.1
608 623 624 664 665 0.1
609 624 625 665 666 0.1
610 625 626 666 667 0.1
611 626 627 667 668 0.1
612 627 628 668 669 0.1
613 628 629 669 670 0.1
614 629 630 670 671 0.1
615 630 631 671 672 0.1
616 631 632 672 673 0.1
617 632 633 673 674 0.1
618 633 634 674 675 0.1
619 634 635 675 676 0.1
620 635 636 676 677 0.1
621 636 637 677 678 0.1
622 637 638 678 679 0.1
623 638 639 679 680 0.1
624 639 640 680 681 0.1
625 640 641 681 682 0.1
626 641 642 682 683 0.1
627 642 643 683 684 0.1
628 643 644 684 685 0.1
629 644 645 685 686 0.1
630 645 646 686 687 0.1
631 646 647 687 688 0.1
632 647 648 688 689 0.1
633 648 649 689 690 0.1
634 649 650 690 691 0.1
635 650 651 691 692 0.1
636 651 652 692 693 0.1
637 652 653 693 694 0.1
638 653 654 694 695 0.1
639 654 655 695 696 0.1
640 656 657 697 698 0.1
641 657 658 698 699 0.1
642 658 659 699 700 0.1
643 659 660 700 701 0.1
644 660 661 701 702 0.1
645 661 662 702 703 0.1
646 662 663 703 704 0.1
647 663 664 704 705 0.1
648 664 665 705 706 0.1
649 665 666 706 707 0.1
650 666 667 707 708 0.1
651 667 668 708 709 0.1
652 668 669 709 710 0.1
653 669 670 710 711 0.1
654 670 671 711 712 0.1
655 671 672 712 713 0.1
656 672 673 713 714 0.1
657 673 674 714 715 0.1
658 674 675 715 716 0.1
659 675 676 716 717 0.1
660 676 677 717 718 0.1
661 677 678 718 719 0.1
662 678 679 719 720 0.1
663 679 680 720 721 0.1
664 680 681 721 722 0.1
665 681 682 722 723 0.1
666 682 683 723 724 0.1
667 683 684 724 725 0.1
668 684 685 725 726 0.1
669 685 686 726 727 0.1
670 686 687 727 728 0.1
671 687 688 728 729 0.1
672 688 689 729 730 0.1
673 689 690 730 731 0.1
674 690 691 731 732 0.1
675 691 692 732 733 0.1
676 692 693 733 734 0.1
677 693 694 734 735 0.1
678 694 695 735 736 0.1
679 695 696 736 737 0.1
680 697 698 738 739 0.1
681 698 699 739 740 0.1
682 699 700 740 741 0.1
683 700 701 741 742 0.1
684 701 702 742 743 0.1
685 702 703 743 744 0.1
686 703 704 744 745 0.1
687 704 705 745 746 0.1
688 705 706 746 747 0.1
689 706 707 747 748 0.1
690 707 708 748 749 0.1
691 708 709 749 750 0.1
692 709 710 750 751 0.1
693 710 711 751 752 0.1
694 711 712 752 753 0.1
695 712 713 753 754 0.1
696 713 714 754 755 0.1
697 714 715 755 756 0.1
698 715 716 756 757 0.1
699 716 717 757 758 0.1
700 717 718 758 759 0.1
701 718 719 759 760 0.1
702 719 720 760 761 0.1
703 720 721 761 762 0.1
704 721 722 762 763 0.1
705 722 723 763 764 0.1
706 723 724 764 765 0.1
707 724 725 765 766 0.1
708 725 726 766 767 0.1
709 726 727 767 768 0.1
710 727 728 768 769 0.1
711 728 729 769 770 0.1
712 729 730 770 771 0.1
713 730 731 771 772 0.1
714 731 732 772 773 0.1
715 732 733 773 774 0.1
716 733 734 774 775 0.1
717 734 735 775 776 0.1
718 735 736 776 777 0.1
719 736 737 777 778 0.1
720 738 739 779 780 0.1
721 739 740 780 781 0.1
722 740 741 781 782 0.1
723 741 742 782 783 0.1
724 742 743 783 784 0.1
725 743 744 784 785 0.1
726 744 745 785 786 0.1
727 745 746 786 787 0.1
728 746 747 787 788 0.1
729 747 748 788 789 0.1
730 748 749 789 790 0.1
731 749 750 790 791 0.1
732 750 751 791 792 0.1
733 751 752 792 793 0.1
734 752 753 793 794 0.1
735 753 754 794 795 0.1
736 754 755 795 796 0.1
737 755 756 796 797 0.1
738 756 757 797 798 0.1
739 757 758 798 799 0.1
740 758 759 799 800 0.1
741 759 760 800 801 0.1
742 760 761 801 802 0.1
743 761 762 802 803 0.1
744 762 763 803 804 0.1
745 763 764 804 805 0.1
746 764 765 805 806 0.1
747 765 766 806 807 0.1
748 766 767 807 808 0.1
749 767 768 808 809 0.1
750 768 769 809 810 0.1
751 769 770 810 811 0.1
752 770 771 811 812 0.1
753 771 772 812 813 0.1
754 772 773 813 814 0.1
755 773 774 814 815 0.1
756 774 775 815 816 0.1
757 775 776 816 817 0.1
758 776 777 817 818 0.1
759 777 778 818 819 0.1
760 779 780 820 821 0.1
761 780 781 821 822 0.1
762 781 782 822 823 0.1
763 782 783 823 824 0.1
764 783 784 824 825 0.1
765 784 785 825 826 0.1
766 785 786 826 827 0.1
767 786 787 827 828 0.1
768 787 788 828 829 0.1
769 788 789 829 830 0.1
770 789 790 830 831 0.1
771 790 791 831 832 0.1
772 791 792 832 833 0.1
773 792 793 833 834 0.1
774 793 794 834 835 0.1
775 794 795 835 836 0.1
776 795 796 836 837 0.1
777 796 797 837 838 0.1
778 797 798 838 839 0.1
779 798 799 839 840 0.1
780 799 800 840 841 0.1
781 800 801 841 842 0.1
782 801 802 842 843 0.1
783 802 803 843 844 0.1
784 803 804 844 845 0.1
785 804 805 845 846 0.1
786 805 806 846 847 0.1
787 806 807 847 848 0.1
788 807 808 848 849 0.1
789 808 809 849 850 0.1
790 809 810 850 851 0.1
791 810 811 851 852 0.1
792 811 812 852 853 0.1
793 812 813 853 854 0.1
794 813 814 854 855 0.1
795 814 815 855 856 0.1
796 815 816 856 857 0.1
797 816 817 857 858 0.1
798 817 818 858 859 0.1
799 818 819 859 860 0.1
800 820 821 861 862 0.1
801 821 822 862 863 0.1
802 822 823 863 864 0.1
803 823 824 864 865 0.1
804 824 825 865 866 0.1
805 825 826 866 867 0.1
806 826 827 867 868 0.1
807 827 828 868 869 0.1
808 828 829 869 870 0.1
809 829 830 870 871 0.1
810 830 831 871 872 0.1
811 831 832 872 873 0.1
812 832 833 873 874 0.1
813 833 834 874 875 0.1
814 834 835 875 876 0.1
815 835 836 876 877 0.1
816 836 837 877 878 0.1
817 837 838 878 879 0.1
818 838 839 879 880 0.1
819 839 840 880 881 0.1
820 840 841 881 882 0.1
821 841 842 882 883 0.1
822 842 843 883 884 0.1
823 843 844 884 885 0.1
824 844 845 885 886 0.1
825 845 846 886 887 0.1
826 846 847 887 888 0.1
827 847 848 888 889 0.1
828 848 849 889 890 0.1
829 849 850 890 891 0.1
830 850 851 891 892 0.1
831 851 852 892 893 0.1
832 852 853 893 894 0.1
833 853 854 894 895 0.1
834 854 855 895 896 0.1
835 855 856 896 897 0.1
836 856 857 897 898 0.1
837 857 858 898 899 0.1
838 858 859 899 900 0.1
839 859 860 900 901 0.1
840 861 862 902 903 0.1
841 862 863 903 904 0.1
842 863 864 904 905 0.1
843 864 865 905 906 0.1
844 865 866 906 907 0.1
845 866 867 907 908 0.1
846 867 868 908 909 0.1
847 868 869 909 910 0.1
848 869 870 910 911 0.1
849 870 871 911 912 0.1
850 871 872 912 913 0.1
851 872 873 913 914 0.1
852 873 874 914 915 0.1
853 874 875 915 916 0.1
854 875 876 916 917 0.1
855 876 877 917 918 0.1
856 877 878 918 919 0.1
857 878 879 919 920 0.1
858 879 880 920 921 0.1
859 880 881 921 922 0.1
860 881 882 922 923 0.1
861 882 883 923 924 0.1
862 883 884 924 925 0.1
863 884 885 925 926 0.1
864 885 886 926 927 0.1
865 886 887 927 928 0.1
866 887 888 928 929 0.1
867 888 889 929 930 0.1
868 889 890 930 931 0.1
869 890 891 931 932 0.1
870 891 892 932 933 0.1
871 892 893 933 934 0.1
872 893 894 934 935 0.1
873 894 895 935 936 0.1
874 895 896 936 937 0.1
875 896 897 937 938 0.1
876 897 898 938 939 0.1
877 898 899 939 940 0.1
878 899 900 940 941 0.1
879 900 901 941 942 0.1
880 902 903 943 944 0
881 903 904 944 945 0
882 904 905 945 946 0
883 905 906 946 947 0
884 906 907 947 948 0
885 907 908 948 949 0
886 908 909 949 950 0
887 909 910 950 951 0
888 910 911 951 952 0
889 911 912 952 953 0
890 912 913 953 954 0
891 913 914 954 955 0
892 914 915 955 956 0
893 915 916 956 957 0
894 916 917 957 958 0
895 917 918 958 959 0
896 918 919 959 960 0
897 919 920 960 961 0
898 920 921 961 962 0
899 921 922 962 963 0
900 922 923 963 964 0
901 923 924 964 965 0
902 924 925 965 966 0
903 925 926 966 967 0
904 926 927 967 968 0
905 927 928 968 969 0
906 928 929 969 970 0
907 929 930 970 971 0
908 930 931 971 972 0
909 931 932 972 973 0
910 932 933 973 974 0
911 933 934 974 975 0
912 934 935 975 976 0
913 935 936 976 977 0
914 936 937 977 978 0
915 937 938 978 979 0
916 938 939 979 980 0
917 939 940 980 981 0
918 940 941 981 982 0
919 941 942 982 983 0
920 943 944 984 985 0
921 944 945 985 986 0
922 945 946 986 987 0
923 946 947 987 988 0
924 947 948 988 989 0
925 948 949 989 990 0
926 949 950 990 991 0
927 950 951 991 992 0
928 951 952 992 993 0
929 952 953 993 994 0
930 953 954 994 995 0
931 954 955 995 996 0
932 955 956 996 997 0
933 956 957 997 998 0
934 957 958 998 999 0
935 958 959 999 1000 0
936 959 960 1000 1001 0
937 960 961 1001 1002 0
938 961 962 1002 1003 0
939 962 963 1003 1004 0
940 963 964 1004 1005 0
941 964 965 1005 1006 0
942 965 966 1006 1007 0
943 966 967 1007 1008 0
944 967 968 1008 1009 0
945 968 969 1009 1010 0
946 969 970 1010 1011 0
947 970 971 1011 1012 0
948 971 972 1012 1013 0
949 972 973 1013 1014 0
950 973 974 1014 1015 0
951 974 975 1015 1016 0
952 975 976 1016 1017 0
953 976 977 1017 1018 0
954 977 978 1018 1019 0
955 978 979 1019 1020 0
956 979 980 1020 1021 0
957 980 981 1021 1022 0
958 981 982 1022 1023 0
959 982 983 1023 1024 0
