1025
0 0 -10000
1 61.7441 -10000
2 104.965 -10000
3 135.22 -10000
4 156.398 -10000
5 171.223 -10000
6 181.6 -10000
7 188.864 -10000
8 193.949 -10000
9 197.508 -10000
10 200 -10000
11 290 -10000
12 380 -10000
13 470 -10000
14 560 -10000
15 650 -10000
16 740 -10000
17 830 -10000
18 920 -10000
19 1010 -10000
20 1100 -10000
21 1190 -10000
22 1280 -10000
23 1370 -10000
24 1460 -10000
25 1550 -10000
26 1640 -10000
27 1730 -10000
28 1820 -10000
29 1910 -10000
30 2000 -10000
31 2501.96 -10000
32 3054.12 -10000
33 3661.5 -10000
34 4329.61 -10000
35 5064.54 -10000
36 5872.95 -10000
37 6762.21 -10000
38 7740.39 -10000
39 8816.4 -10000
40 10000 -10000
41 0 -9837.81
42 61.7441 -9837.81
43 104.965 -9837.81
44 135.22 -9837.81
45 156.398 -9837.81
46 171.223 -9837.81
47 181.6 -9837.81
48 188.864 -9837.81
49 193.949 -9837.81
50 197.508 -9837.81
51 200 -9837.81
52 290 -9837.81
53 380 -9837.81
54 470 -9837.81
55 560 -9837.81
56 650 -9837.81
57 740 -9837.81
58 830 -9837.81
59 920 -9837.81
60 1010 -9837.81
61 1100 -9837.81
62 1190 -9837.81
63 1280 -9837.81
64 1370 -9837.81
65 1460 -9837.81
66 1550 -9837.81
67 1640 -9837.81
68 1730 -9837.81
69 1820 -9837.81
70 1910 -9837.81
71 2000 -9837.81
72 2501.96 -9837.81
73 3054.12 -9837.81
74 3661.5 -9837.81
75 4329.61 -9837.81
76 5064.54 -9837.81
77 5872.95 -9837.81
78 6762.21 -9837.81
79 7740.39 -9837.81
80 8816.4 -9837.81
81 10000 -9837.81
82 0 -9606.1
83 61.7441 -9606.1
84 104.965 -9606.1
85 135.22 -9606.1
86 156.398 -9606.1
87 171.223 -9606.1
88 181.6 -9606.1
89 188.864 -9606.1
90 193.949 -9606.1
91 197.508 -9606.1
92 200 -9606.1
93 290 -9606.1
94 380 -9606.1
95 470 -9606.1
96 560 -9606.1
97 650 -9606.1
98 740 -9606.1
99 830 -9606.1
100 920 -9606.1
101 1010 -9606.1
102 1100 -9606.1
103 1190 -9606.1
104 1280 -9606.1
105 1370 -9606.1
106 1460 -9606.1
107 1550 -9606.1
108 1640 -9606.1
109 1730 -9606.1
110 1820 -9606.1
111 1910 -9606.1
112 2000 -9606.1
113 2501.96 -9606.1
114 3054.12 -9606.1
115 3661.5 -9606.1
116 4329.61 -9606.1
117 5064.54 -9606.1
118 5872.95 -9606.1
119 6762.21 -9606.1
120 7740.39 -9606.1
121 8816.4 -9606.1
122 10000 -9606.1
123 0 -9275.09
124 61.7441 -9275.09
125 104.965 -9275.09
126 135.22 -9275.09
127 156.398 -9275.09
128 171.223 -9275.09
129 181.6 -9275.09
130 188.864 -9275.09
131 193.949 -9275.09
132 197.508 -9275.09
133 200 -9275.09
134 290 -9275.09
135 380 -9275.09
136 470 -9275.09
137 560 -9275.09
138 650 -9275.09
139 740 -9275.09
140 830 -9275.09
141 920 -9275.09
142 1010 -9275.09
143 1100 -9275.09
144 1190 -9275.09
145 1280 -9275.09
146 1370 -9275.09
147 1460 -9275.09
148 1550 -9275.09
149 1640 -9275.09
150 1730 -9275.09
151 1820 -9275.09
152 1910 -9275.09
153 2000 -9275.09
154 2501.96 -9275.09
155 3054.12 -9275.09
156 3661.5 -9275.09
157 4329.61 -9275.09
158 5064.54 -9275.09
159 5872.95 -9275.09
160 6762.21 -9275.09
161 7740.39 -9275.09
162 8816.4 -9275.09
163 10000 -9275.09
164 0 -8802.22
165 61.7441 -8802.22
166 104.965 -8802.22
167 135.22 -8802.22
168 156.398 -8802.22
169 171.223 -8802.22
170 181.6 -8802.22
171 188.864 -8802.22
172 193.949 -8802.22
173 197.508 -8802.22
174 200 -8802.22
175 290 -8802.22
176 380 -8802.22
177 470 -8802.22
178 560 -8802.22
179 650 -8802.22
180 740 -8802.22
181 830 -8802.22
182 920 -8802.22
183 1010 -8802.22
184 1100 -8802.22
185 1190 -8802.22
186 1280 -8802.22
187 1370 -8802.22
188 1460 -8802.22
189 1550 -8802.22
190 1640 -8802.22
191 1730 -8802.22
192 1820 -8802.22
193 1910 -8802.22
194 2000 -8802.22
195 2501.96 -8802.22
196 3054.12 -8802.22
197 3661.5 -8802.22
198 4329.61 -8802.22
199 5064.54 -8802.22
200 5872.95 -8802.22
201 6762.21 -8802.22
202 7740.39 -8802.22
203 8816.4 -8802.22
204 10000 -8802.22
205 0 -8126.69
206 61.7441 -8126.69
207 104.965 -8126.69
208 135.22 -8126.69
209 156.398 -8126.69
210 171.223 -8126.69
211 181.6 -8126.69
212 188.864 -8126.69
213 193.949 -8126.69
214 197.508 -8126.69
215 200 -8126.69
216 290 -8126.69
217 380 -8126.69
218 470 -8126.69
219 560 -8126.69
220 650 -8126.69
221 740 -8126.69
222 830 -8126.69
223 920 -8126.69
224 1010 -8126.69
225 1100 -8126.69
226 1190 -8126.69
227 1280 -8126.69
228 1370 -8126.69
229 1460 -8126.69
230 1550 -8126.69
231 1640 -8126.69
232 1730 -8126.69
233 1820 -8126.69
234 1910 -8126.69
235 2000 -8126.69
236 2501.96 -8126.69
237 3054.12 -8126.69
238 3661.5 -8126.69
239 4329.61 -8126.69
240 5064.54 -8126.69
241 5872.95 -8126.69
242 6762.21 -8126.69
243 7740.39 -8126.69
244 8816.4 -8126.69
245 10000 -8126.69
246 0 -7161.64
247 61.7441 -7161.64
248 104.965 -7161.64
249 135.22 -7161.64
250 156.398 -7161.64
251 171.223 -7161.64
252 181.6 -7161.64
253 188.864 -7161.64
254 193.949 -7161.64
255 197.508 -7161.64
256 200 -7161.64
257 290 -7161.64
258 380 -7161.64
259 470 -7161.64
260 560 -7161.64
261 650 -7161.64
262 740 -7161.64
263 830 -7161.64
264 920 -7161.64
265 1010 -7161.64
266 1100 -7161.64
267 1190 -7161.64
268 1280 -7161.64
269 1370 -7161.64
270 1460 -7161.64
271 1550 -7161.64
272 1640 -7161.64
273 1730 -7161.64
274 1820 -7161.64
275 1910 -7161.64
276 2000 -7161.64
277 2501.96 -7161.64
278 3054.12 -7161.64
279 3661.5 -7161.64
280 4329.61 -7161.64
281 5064.54 -7161.64
282 5872.95 -7161.64
283 6762.21 -7161.64
284 7740.39 -7161.64
285 8816.4 -7161.64
286 10000 -7161.64
287 0 -5783.01
288 61.7441 -5783.01
289 104.965 -5783.01
290 135.22 -5783.01
291 156.398 -5783.01
292 171.223 -5783.01
293 181.6 -5783.01
294 188.864 -5783.01
295 193.949 -5783.01
296 197.508 -5783.01
297 200 -5783.01
298 290 -5783.01
299 380 -5783.01
300 470 -5783.01
301 560 -5783.01
302 650 -5783.01
303 740 -5783.01
304 830 -5783.01
305 920 -5783.01
306 1010 -5783.01
307 1100 -5783.01
308 1190 -5783.01
309 1280 -5783.01
310 1370 -5783.01
311 1460 -5783.01
312 1550 -5783.01
313 1640 -5783.01
314 1730 -5783.01
315 1820 -5783.01
316 1910 -5783.01
317 2000 -5783.01
318 2501.96 -5783.01
319 3054.12 -5783.01
320 3661.5 -5783.01
321 4329.61 -5783.01
322 5064.54 -5783.01
323 5872.95 -5783.01
324 6762.21 -5783.01
325 7740.39 -5783.01
326 8816.4 -5783.01
327 10000 -5783.01
328 0 -3813.54
329 61.7441 -3813.54
330 104.965 -3813.54
331 135.22 -3813.54
332 156.398 -3813.54
333 171.223 -3813.54
334 181.6 -3813.54
335 188.864 -3813.54
336 193.949 -3813.54
337 197.508 -3813.54
338 200 -3813.54
339 290 -3813.54
340 380 -3813.54
341 470 -3813.54
342 560 -3813.54
343 650 -3813.54
344 740 -3813.54
345 830 -3813.54
346 920 -3813.54
347 1010 -3813.54
348 1100 -3813.54
349 1190 -3813.54
350 1280 -3813.54
351 1370 -3813.54
352 1460 -3813.54
353 1550 -3813.54
354 1640 -3813.54
355 1730 -3813.54
356 1820 -3813.54
357 1910 -3813.54
358 2000 -3813.54
359 2501.96 -3813.54
360 3054.12 -3813.54
361 3661.5 -3813.54
362 4329.61 -3813.54
363 5064.54 -3813.54
364 5872.95 -3813.54
365 6762.21 -3813.54
366 7740.39 -3813.54
367 8816.4 -3813.54
368 10000 -3813.54
369 0 -1000
370 61.7441 -1000
371 104.965 -1000
372 135.22 -1000
373 156.398 -1000
374 171.223 -1000
375 181.6 -1000
376 188.864 -1000
377 193.949 -1000
378 197.508 -1000
379 200 -1000
380 290 -1000
381 380 -1000
382 470 -1000
383 560 -1000
384 650 -1000
385 740 -1000
386 830 -1000
387 920 -1000
388 1010 -1000
389 1100 -1000
390 1190 -1000
391 1280 -1000
392 1370 -1000
393 1460 -1000
394 1550 -1000
395 1640 -1000
396 1730 -1000
397 1820 -1000
398 1910 -1000
399 2000 -1000
400 2501.96 -1000
401 3054.12 -1000
402 3661.5 -1000
403 4329.61 -1000
404 5064.54 -1000
405 5872.95 -1000
406 6762.21 -1000
407 7740.39 -1000
408 8816.4 -1000
409 10000 -1000
410 0 -937.5
411 61.7441 -937.5
412 104.965 -937.5
413 135.22 -937.5
414 156.398 -937.5
415 171.223 -937.5
416 181.6 -937.5
417 188.864 -937.5
418 193.949 -937.5
419 197.508 -937.5
420 200 -937.5
421 290 -937.5
422 380 -937.5
423 470 -937.5
424 560 -937.5
425 650 -937.5
426 740 -937.5
427 830 -937.5
428 920 -937.5
429 1010 -937.5
430 1100 -937.5
431 1190 -937.5
432 1280 -937.5
433 1370 -937.5
434 1460 -937.5
435 1550 -937.5
436 1640 -937.5
437 1730 -937.5
438 1820 -937.5
439 1910 -937.5
440 2000 -937.5
441 2501.96 -937.5
442 3054.12 -937.5
443 3661.5 -937.5
444 4329.61 -937.5
445 5064.54 -937.5
446 5872.95 -937.5
447 6762.21 -937.5
448 7740.39 -937.5
449 8816.4 -937.5
450 10000 -937.5
451 0 -875
452 61.7441 -875
453 104.965 -875
454 135.22 -875
455 156.398 -875
456 171.223 -875
457 181.6 -875
458 188.864 -875
459 193.949 -875
460 197.508 -875
461 200 -875
462 290 -875
463 380 -875
464 470 -875
465 560 -875
466 650 -875
467 740 -875
468 830 -875
469 920 -875
470 1010 -875
471 1100 -875
472 1190 -875
473 1280 -875
474 1370 -875
475 1460 -875
476 1550 -875
477 1640 -875
478 1730 -875
479 1820 -875
480 1910 -875
481 2000 -875
482 2501.96 -875
483 3054.12 -875
484 3661.5 -875
485 4329.61 -875
486 5064.54 -875
487 5872.95 -875
488 6762.21 -875
489 7740.39 -875
490 8816.4 -875
491 10000 -875
492 0 -812.5
493 61.7441 -812.5
494 104.965 -812.5
495 135.22 -812.5
496 156.398 -812.5
497 171.223 -812.5
498 181.6 -812.5
499 188.864 -812.5
500 193.949 -812.5
501 197.508 -812.5
502 200 -812.5
503 290 -812.5
504 380 -812.5
505 470 -812.5
506 560 -812.5
507 650 -812.5
508 740 -812.5
509 830 -812.5
510 920 -812.5
511 1010 -812.5
512 1100 -812.5
513 1190 -812.5
514 1280 -812.5
515 1370 -812.5
516 1460 -812.5
517 1550 -812.5
518 1640 -812.5
519 1730 -812.5
520 1820 -812.5
521 1910 -812.5
522 2000 -812.5
523 2501.96 -812.5
524 3054.12 -812.5
525 3661.5 -812.5
526 4329.61 -812.5
527 5064.54 -812.5
528 5872.95 -812.5
529 6762.21 -812.5
530 7740.39 -812.5
531 8816.4 -812.5
532 10000 -812.5
533 0 -750
534 61.7441 -750
535 104.965 -750
536 135.22 -750
537 156.398 -750
538 171.223 -750
539 181.6 -750
540 188.864 -750
541 193.949 -750
542 197.508 -750
543 200 -750
544 290 -750
545 380 -750
546 470 -750
547 560 -750
548 650 -750
549 740 -750
550 830 -750
551 920 -750
552 1010 -750
553 1100 -750
554 1190 -750
555 1280 -750
556 1370 -750
557 1460 -750
558 1550 -750
559 1640 -750
560 1730 -750
561 1820 -750
562 1910 -750
563 2000 -750
564 2501.96 -750
565 3054.12 -750
566 3661.5 -750
567 4329.61 -750
568 5064.54 -750
569 5872.95 -750
570 6762.21 -750
571 7740.39 -750
572 8816.4 -750
573 10000 -750
574 0 -687.5
575 61.7441 -687.5
576 104.965 -687.5
577 135.22 -687.5
578 156.398 -687.5
579 171.223 -687.5
580 181.6 -687.5
581 188.864 -687.5
582 193.949 -687.5
583 197.508 -687.5
584 200 -687.5
585 290 -687.5
586 380 -687.5
587 470 -687.5
588 560 -687.5
589 650 -687.5
590 740 -687.5
591 830 -687.5
592 920 -687.5
593 1010 -687.5
594 1100 -687.5
595 1190 -687.5
596 1280 -687.5
597 1370 -687.5
598 1460 -687.5
599 1550 -687.5
600 1640 -687.5
601 1730 -687.5
602 1820 -687.5
603 1910 -687.5
604 2000 -687.5
605 2501.96 -687.5
606 3054.12 -687.5
607 3661.5 -687.5
608 4329.61 -687.5
609 5064.54 -687.5
610 5872.95 -687.5
611 6762.21 -687.5
612 7740.39 -687.5
613 8816.4 -687.5
614 10000 -687.5
615 0 -625
616 61.7441 -625
617 104.965 -625
618 135.22 -625
619 156.398 -625
620 171.223 -625
621 181.6 -625
622 188.864 -625
623 193.949 -625
624 197.508 -625
625 200 -625
626 290 -625
627 380 -625
628 470 -625
629 560 -625
630 650 -625
631 740 -625
632 830 -625
633 920 -625
634 1010 -625
635 1100 -625
636 1190 -625
637 1280 -625
638 1370 -625
639 1460 -625
640 1550 -625
641 1640 -625
642 1730 -625
643 1820 -625
644 1910 -625
645 2000 -625
646 2501.96 -625
647 3054.12 -625
648 3661.5 -625
649 4329.61 -625
650 5064.54 -625
651 5872.95 -625
652 6762.21 -625
653 7740.39 -625
654 8816.4 -625
655 10000 -625
656 0 -562.5
657 61.7441 -562.5
658 104.965 -562.5
659 135.22 -562.5
660 156.398 -562.5
661 171.223 -562.5
662 181.6 -562.5
663 188.864 -562.5
664 193.949 -562.5
665 197.508 -562.5
666 200 -562.5
667 290 -562.5
668 380 -562.5
669 470 -562.5
670 560 -562.5
671 650 -562.5
672 740 -562.5
673 830 -562.5
674 920 -562.5
675 1010 -562.5
676 1100 -562.5
677 1190 -562.5
678 1280 -562.5
679 1370 -562.5
680 1460 -562.5
681 1550 -562.5
682 1640 -562.5
683 1730 -562.5
684 1820 -562.5
685 1910 -562.5
686 2000 -562.5
687 2501.96 -562.5
688 3054.12 -562.5
689 3661.5 -562.5
690 4329.61 -562.5
691 5064.54 -562.5
692 5872.95 -562.5
693 6762.21 -562.5
694 7740.39 -562.5
695 8816.4 -562.5
696 10000 -562.5
697 0 -500
698 61.7441 -500
699 104.965 -500
700 135.22 -500
701 156.398 -500
702 171.223 -500
703 181.6 -500
704 188.864 -500
705 193.949 -500
706 197.508 -500
707 200 -500
708 290 -500
709 380 -500
710 470 -500
711 560 -500
712 650 -500
713 740 -500
714 830 -500
715 920 -500
716 1010 -500
717 1100 -500
718 1190 -500
719 1280 -500
720 1370 -500
721 1460 -500
722 1550 -500
723 1640 -500
724 1730 -500
725 1820 -500
726 1910 -500
727 2000 -500
728 2501.96 -500
729 3054.12 -500
730 3661.5 -500
731 4329.61 -500
732 5064.54 -500
733 5872.95 -500
734 6762.21 -500
735 7740.39 -500
736 8816.4 -500
737 10000 -500
738 0 -437.5
739 61.7441 -437.5
740 104.965 -437.5
741 135.22 -437.5
742 156.398 -437.5
743 171.223 -437.5
744 181.6 -437.5
745 188.864 -437.5
746 193.949 -437.5
747 197.508 -437.5
748 200 -437.5
749 290 -437.5
750 380 -437.5
751 470 -437.5
752 560 -437.5
753 650 -437.5
754 740 -437.5
755 830 -437.5
756 920 -437.5
757 1010 -437.5
758 1100 -437.5
759 1190 -437.5
760 1280 -437.5
761 1370 -437.5
762 1460 -437.5
763 1550 -437.5
764 1640 -437.5
765 1730 -437.5
766 1820 -437.5
767 1910 -437.5
768 2000 -437.5
769 2501.96 -437.5
770 3054.12 -437.5
771 3661.5 -437.5
772 4329.61 -437.5
773 5064.54 -437.5
774 5872.95 -437.5
775 6762.21 -437.5
776 7740.39 -437.5
777 8816.4 -437.5
778 10000 -437.5
779 0 -375
780 61.7441 -375
781 104.965 -375
782 135.22 -375
783 156.398 -375
784 171.223 -375
785 181.6 -375
786 188.864 -375
787 193.949 -375
788 197.508 -375
789 200 -375
790 290 -375
791 380 -375
792 470 -375
793 560 -375
794 650 -375
795 740 -375
796 830 -375
797 920 -375
798 1010 -375
799 1100 -375
800 1190 -375
801 1280 -375
802 1370 -375
803 1460 -375
804 1550 -375
805 1640 -375
806 1730 -375
807 1820 -375
808 1910 -375
809 2000 -375
810 2501.96 -375
811 3054.12 -375
812 3661.5 -375
813 4329.61 -375
814 5064.54 -375
815 5872.95 -375
816 6762.21 -375
817 7740.39 -375
818 8816.4 -375
819 10000 -375
820 0 -312.5
821 61.7441 -312.5
822 104.965 -312.5
823 135.22 -312.5
824 156.398 -312.5
825 171.223 -312.5
826 181.6 -312.5
827 188.864 -312.5
828 193.949 -312.5
829 197.508 -312.5
830 200 -312.5
831 290 -312.5
832 380 -312.5
833 470 -312.5
834 560 -312.5
835 650 -312.5
836 740 -312.5
837 830 -312.5
838 920 -312.5
839 1010 -312.5
840 1100 -312.5
841 1190 -312.5
842 1280 -312.5
843 1370 -312.5
844 1460 -312.5
845 1550 -312.5
846 1640 -312.5
847 1730 -312.5
848 1820 -312.5
849 1910 -312.5
850 2000 -312.5
851 2501.96 -312.5
852 3054.12 -312.5
853 3661.5 -312.5
854 4329.61 -312.5
855 5064.54 -312.5
856 5872.95 -312.5
857 6762.21 -312.5
858 7740.39 -312.5
859 8816.4 -312.5
860 10000 -312.5
861 0 -250
862 61.7441 -250
863 104.965 -250
864 135.22 -250
865 156.398 -250
866 171.223 -250
867 181.6 -250
868 188.864 -250
869 193.949 -250
870 197.508 -250
871 200 -250
872 290 -250
873 380 -250
874 470 -250
875 560 -250
876 650 -250
877 740 -250
878 830 -250
879 920 -250
880 1010 -250
881 1100 -250
882 1190 -250
883 1280 -250
884 1370 -250
885 1460 -250
886 1550 -250
887 1640 -250
888 1730 -250
889 1820 -250
890 1910 -250
891 2000 -250
892 2501.96 -250
893 3054.12 -250
894 3661.5 -250
895 4329.61 -250
896 5064.54 -250
897 5872.95 -250
898 6762.21 -250
899 7740.39 -250
900 8816.4 -250
901 10000 -250
902 0 -158.61
903 61.7441 -158.61
904 104.965 -158.61
905 135.22 -158.61
906 156.398 -158.61
907 171.223 -158.61
908 181.6 -158.61
909 188.864 -158.61
910 193.949 -158.61
911 197.508 -158.61
912 200 -158.61
913 290 -158.61
914 380 -158.61
915 470 -158.61
916 560 -158.61
917 650 -158.61
918 740 -158.61
919 830 -158.61
920 920 -158.61
921 1010 -158.61
922 1100 -158.61
923 1190 -158.61
924 1280 -158.61
925 1370 -158.61
926 1460 -158.61
927 1550 -158.61
928 1640 -158.61
929 1730 -158.61
930 1820 -158.61
931 1910 -158.61
932 2000 -158.61
933 2501.96 -158.61
934 3054.12 -158.61
935 3661.5 -158.61
936 4329.61 -158.61
937 5064.54 -158.61
938 5872.95 -158.61
939 6762.21 -158.61
940 7740.39 -158.61
941 8816.4 -158.61
942 10000 -158.61
943 0 -75.5287
944 61.7441 -75.5287
945 104.965 -75.5287
946 135.22 -75.5287
947 156.398 -75.5287
948 171.223 -75.5287
949 181.6 -75.5287
950 188.864 -75.5287
951 193.949 -75.5287
952 197.508 -75.5287
953 200 -75.5287
954 290 -75.5287
955 380 -75.5287
956 470 -75.5287
957 560 -75.5287
958 650 -75.5287
959 740 -75.5287
960 830 -75.5287
961 920 -75.5287
962 1010 -75.5287
963 1100 -75.5287
964 1190 -75.5287
965 1280 -75.5287
966 1370 -75.5287
967 1460 -75.5287
968 1550 -75.5287
969 1640 -75.5287
970 1730 -75.5287
971 1820 -75.5287
972 1910 -75.5287
973 2000 -75.5287
974 2501.96 -75.5287
975 3054.12 -75.5287
976 3661.5 -75.5287
977 4329.61 -75.5287
978 5064.54 -75.5287
979 5872.95 -75.5287
980 6762.21 -75.5287
981 7740.39 -75.5287
982 8816.4 -75.5287
983 10000 -75.5287
984 0 0
985 61.7441 0
986 104.965 0
987 135.22 0
988 156.398 0
989 171.223 0
990 181.6 0
991 188.864 0
992 193.949 0
993 197.508 0
994 200 0
995 290 0
996 380 0
997 470 0
998 560 0
999 650 0
1000 740 0
1001 830 0
1002 920 0
1003 1010 0
1004 1100 0
1005 1190 0
1006 1280 0
1007 1370 0
1008 1460 0
1009 1550 0
1010 1640 0
1011 1730 0
1012 1820 0
1013 1910 0
1014 2000 0
1015 2501.96 0
1016 3054.12 0
1017 3661.5 0
1018 4329.61 0
1019 5064.54 0
1020 5872.95 0
1021 6762.21 0
1022 7740.39 0
1023 8816.4 0
1024 10000 0
