1025
0 0 -10000
1 2.4916 -10000
2 6.05102 -10000
3 11.1359 -10000
4 18.4001 -10000
5 28.7774 -10000
6 43.6021 -10000
7 64.7804 -10000
8 95.035 -10000
9 138.256 -10000
10 200 -10000
11 290 -10000
12 380 -10000
13 470 -10000
14 560 -10000
15 650 -10000
16 740 -10000
17 830 -10000
18 920 -10000
19 1010 -10000
20 1100 -10000
21 1190 -10000
22 1280 -10000
23 1370 -10000
24 1460 -10000
25 1550 -10000
26 1640 -10000
27 1730 -10000
28 1820 -10000
29 1910 -10000
30 2000 -10000
31 3183.6 -10000
32 4259.61 -10000
33 5237.79 -10000
34 6127.05 -10000
35 6935.46 -10000
36 7670.39 -10000
37 8338.5 -10000
38 8945.88 -10000
39 9498.04 -10000
40 10000 -10000
41 0 -9837.81
42 2.4916 -9837.81
43 6.05102 -9837.81
44 11.1359 -9837.81
45 18.4001 -9837.81
46 28.7774 -9837.81
47 43.6021 -9837.81
48 64.7804 -9837.81
49 95.035 -9837.81
50 138.256 -9837.81
51 200 -9837.81
52 290 -9837.81
53 380 -9837.81
54 470 -9837.81
55 560 -9837.81
56 650 -9837.81
57 740 -9837.81
58 830 -9837.81
59 920 -9837.81
60 1010 -9837.81
61 1100 -9837.81
62 1190 -9837.81
63 1280 -9837.81
64 1370 -9837.81
65 1460 -9837.81
66 1550 -9837.81
67 1640 -9837.81
68 1730 -9837.81
69 1820 -9837.81
70 1910 -9837.81
71 2000 -9837.81
72 3183.6 -9837.81
73 4259.61 -9837.81
74 5237.79 -9837.81
75 6127.05 -9837.81
76 6935.46 -9837.81
77 7670.39 -9837.81
78 8338.5 -9837.81
79 8945.88 -9837.81
80 9498.04 -9837.81
81 10000 -9837.81
82 0 -9606.1
83 2.4916 -9606.1
84 6.05102 -9606.1
85 11.1359 -9606.1
86 18.4001 -9606.1
87 28.7774 -9606.1
88 43.6021 -9606.1
89 64.7804 -9606.1
90 95.035 -9606.1
91 138.256 -9606.1
92 200 -9606.1
93 290 -9606.1
94 380 -9606.1
95 470 -9606.1
96 560 -9606.1
97 650 -9606.1
98 740 -9606.1
99 830 -9606.1
100 920 -9606.1
101 1010 -9606.1
102 1100 -9606.1
103 1190 -9606.1
104 1280 -9606.1
105 1370 -9606.1
106 1460 -9606.1
107 1550 -9606.1
108 1640 -9606.1
109 1730 -9606.1
110 1820 -9606.1
111 1910 -9606.1
112 2000 -9606.1
113 3183.6 -9606.1
114 4259.61 -9606.1
115 5237.79 -9606.1
116 6127.05 -9606.1
117 6935.46 -9606.1
118 7670.39 -9606.1
119 8338.5 -9606.1
120 8945.88 -9606.1
121 9498.04 -9606.1
122 10000 -9606.1
123 0 -9275.09
124 2.4916 -9275.09
125 6.05102 -9275.09
126 11.1359 -9275.09
127 18.4001 -9275.09
128 28.7774 -9275.09
129 43.6021 -9275.09
130 64.7804 -9275.09
131 95.035 -9275.09
132 138.256 -9275.09
133 200 -9275.09
134 290 -9275.09
135 380 -9275.09
136 470 -9275.09
137 560 -9275.09
138 650 -9275.09
139 740 -9275.09
140 830 -9275.09
141 920 -9275.09
142 1010 -9275.09
143 1100 -9275.09
144 1190 -9275.09
145 1280 -9275.09
146 1370 -9275.09
147 1460 -9275.09
148 1550 -9275.09
149 1640 -9275.09
150 1730 -9275.09
151 1820 -9275.09
152 1910 -9275.09
153 2000 -9275.09
154 3183.6 -9275.09
155 4259.61 -9275.09
156 5237.79 -9275.09
157 6127.05 -9275.09
158 6935.46 -9275.09
159 7670.39 -9275.09
160 8338.5 -9275.09
161 8945.88 -9275.09
162 9498.04 -9275.09
163 10000 -9275.09
164 0 -8802.22
165 2.4916 -8802.22
166 6.05102 -8802.22
167 11.1359 -8802.22
168 18.4001 -8802.22
169 28.7774 -8802.22
170 43.6021 -8802.22
171 64.7804 -8802.22
172 95.035 -8802.22
173 138.256 -8802.22
174 200 -8802.22
175 290 -8802.22
176 380 -8802.22
177 470 -8802.22
178 560 -8802.22
179 650 -8802.22
180 740 -8802.22
181 830 -8802.22
182 920 -8802.22
183 1010 -8802.22
184 1100 -8802.22
185 1190 -8802.22
186 1280 -8802.22
187 1370 -8802.22
188 1460 -8802.22
189 1550 -8802.22
190 1640 -8802.22
191 1730 -8802.22
192 1820 -8802.22
193 1910 -8802.22
194 2000 -8802.22
195 3183.6 -8802.22
196 4259.61 -8802.22
197 5237.79 -8802.22
198 6127.05 -8802.22
199 6935.46 -8802.22
200 7670.39 -8802.22
201 8338.5 -8802.22
202 8945.88 -8802.22
203 9498.04 -8802.22
204 10000 -8802.22
205 0 -8126.69
206 2.4916 -8126.69
207 6.05102 -8126.69
208 11.1359 -8126.69
209 18.4001 -8126.69
210 28.7774 -8126.69
211 43.6021 -8126.69
212 64.7804 -8126.69
213 95.035 -8126.69
214 138.256 -8126.69
215 200 -8126.69
216 290 -8126.69
217 380 -8126.69
218 470 -8126.69
219 560 -8126.69
220 650 -8126.69
221 740 -8126.69
222 830 -8126.69
223 920 -8126.69
224 1010 -8126.69
225 1100 -8126.69
226 1190 -8126.69
227 1280 -8126.69
228 1370 -8126.69
229 1460 -8126.69
230 1550 -8126.69
231 1640 -8126.69
232 1730 -8126.69
233 1820 -8126.69
234 1910 -8126.69
235 2000 -8126.69
236 3183.6 -8126.69
237 4259.61 -8126.69
238 5237.79 -8126.69
239 6127.05 -8126.69
240 6935.46 -8126.69
241 7670.39 -8126.69
242 8338.5 -8126.69
243 8945.88 -8126.69
244 9498.04 -8126.69
245 10000 -8126.69
246 0 -7161.64
247 2.4916 -7161.64
248 6.05102 -7161.64
249 11.1359 -7161.64
250 18.4001 -7161.64
251 28.7774 -7161.64
252 43.6021 -7161.64
253 64.7804 -7161.64
254 95.035 -7161.64
255 138.256 -7161.64
256 200 -7161.64
257 290 -7161.64
258 380 -7161.64
259 470 -7161.64
260 560 -7161.64
261 650 -7161.64
262 740 -7161.64
263 830 -7161.64
264 920 -7161.64
265 1010 -7161.64
266 1100 -7161.64
267 1190 -7161.64
268 1280 -7161.64
269 1370 -7161.64
270 1460 -7161.64
271 1550 -7161.64
272 1640 -7161.64
273 1730 -7161.64
274 1820 -7161.64
275 1910 -7161.64
276 2000 -7161.64
277 3183.6 -7161.64
278 4259.61 -7161.64
279 5237.79 -7161.64
280 6127.05 -7161.64
281 6935.46 -7161.64
282 7670.39 -7161.64
283 8338.5 -7161.64
284 8945.88 -7161.64
285 9498.04 -7161.64
286 10000 -7161.64
287 0 -5783.01
288 2.4916 -5783.01
289 6.05102 -5783.01
290 11.1359 -5783.01
291 18.4001 -5783.01
292 28.7774 -5783.01
293 43.6021 -5783.01
294 64.7804 -5783.01
295 95.035 -5783.01
296 138.256 -5783.01
297 200 -5783.01
298 290 -5783.01
299 380 -5783.01
300 470 -5783.01
301 560 -5783.01
302 650 -5783.01
303 740 -5783.01
304 830 -5783.01
305 920 -5783.01
306 1010 -5783.01
307 1100 -5783.01
308 1190 -5783.01
309 1280 -5783.01
310 1370 -5783.01
311 1460 -5783.01
312 1550 -5783.01
313 1640 -5783.01
314 1730 -5783.01
315 1820 -5783.01
316 1910 -5783.01
317 2000 -5783.01
318 3183.6 -5783.01
319 4259.61 -5783.01
320 5237.79 -5783.01
321 6127.05 -5783.01
322 6935.46 -5783.01
323 7670.39 -5783.01
324 8338.5 -5783.01
325 8945.88 -5783.01
326 9498.04 -5783.01
327 10000 -5783.01
328 0 -3813.54
329 2.4916 -3813.54
330 6.05102 -3813.54
331 11.1359 -3813.54
332 18.4001 -3813.54
333 28.7774 -3813.54
334 43.6021 -3813.54
335 64.7804 -3813.54
336 95.035 -3813.54
337 138.256 -3813.54
338 200 -3813.54
339 290 -3813.54
340 380 -3813.54
341 470 -3813.54
342 560 -3813.54
343 650 -3813.54
344 740 -3813.54
345 830 -3813.54
346 920 -3813.54
347 1010 -3813.54
348 1100 -3813.54
349 1190 -3813.54
350 1280 -3813.54
351 1370 -3813.54
352 1460 -3813.54
353 1550 -3813.54
354 1640 -3813.54
355 1730 -3813.54
356 1820 -3813.54
357 1910 -3813.54
358 2000 -3813.54
359 3183.6 -3813.54
360 4259.61 -3813.54
361 5237.79 -3813.54
362 6127.05 -3813.54
363 6935.46 -3813.54
364 7670.39 -3813.54
365 8338.5 -3813.54
366 8945.88 -3813.54
367 9498.04 -3813.54
368 10000 -3813.54
369 0 -1000
370 2.4916 -1000
371 6.05102 -1000
372 11.1359 -1000
373 18.4001 -1000
374 28.7774 -1000
375 43.6021 -1000
376 64.7804 -1000
377 95.035 -1000
378 138.256 -1000
379 200 -1000
380 290 -1000
381 380 -1000
382 470 -1000
383 560 -1000
384 650 -1000
385 740 -1000
386 830 -1000
387 920 -1000
388 1010 -1000
389 1100 -1000
390 1190 -1000
391 1280 -1000
392 1370 -1000
393 1460 -1000
394 1550 -1000
395 1640 -1000
396 1730 -1000
397 1820 -1000
398 1910 -1000
399 2000 -1000
400 3183.6 -1000
401 4259.61 -1000
402 5237.79 -1000
403 6127.05 -1000
404 6935.46 -1000
405 7670.39 -1000
406 8338.5 -1000
407 8945.88 -1000
408 9498.04 -1000
409 10000 -1000
410 0 -937.5
411 2.4916 -937.5
412 6.05102 -937.5
413 11.1359 -937.5
414 18.4001 -937.5
415 28.7774 -937.5
416 43.6021 -937.5
417 64.7804 -937.5
418 95.035 -937.5
419 138.256 -937.5
420 200 -937.5
421 290 -937.5
422 380 -937.5
423 470 -937.5
424 560 -937.5
425 650 -937.5
426 740 -937.5
427 830 -937.5
428 920 -937.5
429 1010 -937.5
430 1100 -937.5
431 1190 -937.5
432 1280 -937.5
433 1370 -937.5
434 1460 -937.5
435 1550 -937.5
436 1640 -937.5
437 1730 -937.5
438 1820 -937.5
439 1910 -937.5
440 2000 -937.5
441 3183.6 -937.5
442 4259.61 -937.5
443 5237.79 -937.5
444 6127.05 -937.5
445 6935.46 -937.5
446 7670.39 -937.5
447 8338.5 -937.5
448 8945.88 -937.5
449 9498.04 -937.5
450 10000 -937.5
451 0 -875
452 2.4916 -875
453 6.05102 -875
454 11.1359 -875
455 18.4001 -875
456 28.7774 -875
457 43.6021 -875
458 64.7804 -875
459 95.035 -875
460 138.256 -875
461 200 -875
462 290 -875
463 380 -875
464 470 -875
465 560 -875
466 650 -875
467 740 -875
468 830 -875
469 920 -875
470 1010 -875
471 1100 -875
472 1190 -875
473 1280 -875
474 1370 -875
475 1460 -875
476 1550 -875
477 1640 -875
478 1730 -875
479 1820 -875
480 1910 -875
481 2000 -875
482 3183.6 -875
483 4259.61 -875
484 5237.79 -875
485 6127.05 -875
486 6935.46 -875
487 7670.39 -875
488 8338.5 -875
489 8945.88 -875
490 9498.04 -875
491 10000 -875
492 0 -812.5
493 2.4916 -812.5
494 6.05102 -812.5
495 11.1359 -812.5
496 18.4001 -812.5
497 28.7774 -812.5
498 43.6021 -812.5
499 64.7804 -812.5
500 95.035 -812.5
501 138.256 -812.5
502 200 -812.5
503 290 -812.5
504 380 -812.5
505 470 -812.5
506 560 -812.5
507 650 -812.5
508 740 -812.5
509 830 -812.5
510 920 -812.5
511 1010 -812.5
512 1100 -812.5
513 1190 -812.5
514 1280 -812.5
515 1370 -812.5
516 1460 -812.5
517 1550 -812.5
518 1640 -812.5
519 1730 -812.5
520 1820 -812.5
521 1910 -812.5
522 2000 -812.5
523 3183.6 -812.5
524 4259.61 -812.5
525 5237.79 -812.5
526 6127.05 -812.5
527 6935.46 -812.5
528 7670.39 -812.5
529 8338.5 -812.5
530 8945.88 -812.5
531 9498.04 -812.5
532 10000 -812.5
533 0 -750
534 2.4916 -750
535 6.05102 -750
536 11.1359 -750
537 18.4001 -750
538 28.7774 -750
539 43.6021 -750
540 64.7804 -750
541 95.035 -750
542 138.256 -750
543 200 -750
544 290 -750
545 380 -750
546 470 -750
547 560 -750
548 650 -750
549 740 -750
550 830 -750
551 920 -750
552 1010 -750
553 1100 -750
554 1190 -750
555 1280 -750
556 1370 -750
557 1460 -750
558 1550 -750
559 1640 -750
560 1730 -750
561 1820 -750
562 1910 -750
563 2000 -750
564 3183.6 -750
565 4259.61 -750
566 5237.79 -750
567 6127.05 -750
568 6935.46 -750
569 7670.39 -750
570 8338.5 -750
571 8945.88 -750
572 9498.04 -750
573 10000 -750
574 0 -687.5
575 2.4916 -687.5
576 6.05102 -687.5
577 11.1359 -687.5
578 18.4001 -687.5
579 28.7774 -687.5
580 43.6021 -687.5
581 64.7804 -687.5
582 95.035 -687.5
583 138.256 -687.5
584 200 -687.5
585 290 -687.5
586 380 -687.5
587 470 -687.5
588 560 -687.5
589 650 -687.5
590 740 -687.5
591 830 -687.5
592 920 -687.5
593 1010 -687.5
594 1100 -687.5
595 1190 -687.5
596 1280 -687.5
597 1370 -687.5
598 1460 -687.5
599 1550 -687.5
600 1640 -687.5
601 1730 -687.5
602 1820 -687.5
603 1910 -687.5
604 2000 -687.5
605 3183.6 -687.5
606 4259.61 -687.5
607 5237.79 -687.5
608 6127.05 -687.5
609 6935.46 -687.5
610 7670.39 -687.5
611 8338.5 -687.5
612 8945.88 -687.5
613 9498.04 -687.5
614 10000 -687.5
615 0 -625
616 2.4916 -625
617 6.05102 -625
618 11.1359 -625
619 18.4001 -625
620 28.7774 -625
621 43.6021 -625
622 64.7804 -625
623 95.035 -625
624 138.256 -625
625 200 -625
626 290 -625
627 380 -625
628 470 -625
629 560 -625
630 650 -625
631 740 -625
632 830 -625
633 920 -625
634 1010 -625
635 1100 -625
636 1190 -625
637 1280 -625
638 1370 -625
639 1460 -625
640 1550 -625
641 1640 -625
642 1730 -625
643 1820 -625
644 1910 -625
645 2000 -625
646 3183.6 -625
647 4259.61 -625
648 5237.79 -625
649 6127.05 -625
650 6935.46 -625
651 7670.39 -625
652 8338.5 -625
653 8945.88 -625
654 9498.04 -625
655 10000 -625
656 0 -562.5
657 2.4916 -562.5
658 6.05102 -562.5
659 11.1359 -562.5
660 18.4001 -562.5
661 28.7774 -562.5
662 43.6021 -562.5
663 64.7804 -562.5
664 95.035 -562.5
665 138.256 -562.5
666 200 -562.5
667 290 -562.5
668 380 -562.5
669 470 -562.5
670 560 -562.5
671 650 -562.5
672 740 -562.5
673 830 -562.5
674 920 -562.5
675 1010 -562.5
676 1100 -562.5
677 1190 -562.5
678 1280 -562.5
679 1370 -562.5
680 1460 -562.5
681 1550 -562.5
682 1640 -562.5
683 1730 -562.5
684 1820 -562.5
685 1910 -562.5
686 2000 -562.5
687 3183.6 -562.5
688 4259.61 -562.5
689 5237.79 -562.5
690 6127.05 -562.5
691 6935.46 -562.5
692 7670.39 -562.5
693 8338.5 -562.5
694 8945.88 -562.5
695 9498.04 -562.5
696 10000 -562.5
697 0 -500
698 2.4916 -500
699 6.05102 -500
700 11.1359 -500
701 18.4001 -500
702 28.7774 -500
703 43.6021 -500
704 64.7804 -500
705 95.035 -500
706 138.256 -500
707 200 -500
708 290 -500
709 380 -500
710 470 -500
711 560 -500
712 650 -500
713 740 -500
714 830 -500
715 920 -500
716 1010 -500
717 1100 -500
718 1190 -500
719 1280 -500
720 1370 -500
721 1460 -500
722 1550 -500
723 1640 -500
724 1730 -500
725 1820 -500
726 1910 -500
727 2000 -500
728 3183.6 -500
729 4259.61 -500
730 5237.79 -500
731 6127.05 -500
732 6935.46 -500
733 7670.39 -500
734 8338.5 -500
735 8945.88 -500
736 9498.04 -500
737 10000 -500
738 0 -437.5
739 2.4916 -437.5
740 6.05102 -437.5
741 11.1359 -437.5
742 18.4001 -437.5
743 28.7774 -437.5
744 43.6021 -437.5
745 64.7804 -437.5
746 95.035 -437.5
747 138.256 -437.5
748 200 -437.5
749 290 -437.5
750 380 -437.5
751 470 -437.5
752 560 -437.5
753 650 -437.5
754 740 -437.5
755 830 -437.5
756 920 -437.5
757 1010 -437.5
758 1100 -437.5
759 1190 -437.5
760 1280 -437.5
761 1370 -437.5
762 1460 -437.5
763 1550 -437.5
764 1640 -437.5
765 1730 -437.5
766 1820 -437.5
767 1910 -437.5
768 2000 -437.5
769 3183.6 -437.5
770 4259.61 -437.5
771 5237.79 -437.5
772 6127.05 -437.5
773 6935.46 -437.5
774 7670.39 -437.5
775 8338.5 -437.5
776 8945.88 -437.5
777 9498.04 -437.5
778 10000 -437.5
779 0 -375
780 2.4916 -375
781 6.05102 -375
782 11.1359 -375
783 18.4001 -375
784 28.7774 -375
785 43.6021 -375
786 64.7804 -375
787 95.035 -375
788 138.256 -375
789 200 -375
790 290 -375
791 380 -375
792 470 -375
793 560 -375
794 650 -375
795 740 -375
796 830 -375
797 920 -375
798 1010 -375
799 1100 -375
800 1190 -375
801 1280 -375
802 1370 -375
803 1460 -375
804 1550 -375
805 1640 -375
806 1730 -375
807 1820 -375
808 1910 -375
809 2000 -375
810 3183.6 -375
811 4259.61 -375
812 5237.79 -375
813 6127.05 -375
814 6935.46 -375
815 7670.39 -375
816 8338.5 -375
817 8945.88 -375
818 9498.04 -375
819 10000 -375
820 0 -312.5
821 2.4916 -312.5
822 6.05102 -312.5
823 11.1359 -312.5
824 18.4001 -312.5
825 28.7774 -312.5
826 43.6021 -312.5
827 64.7804 -312.5
828 95.035 -312.5
829 138.256 -312.5
830 200 -312.5
831 290 -312.5
832 380 -312.5
833 470 -312.5
834 560 -312.5
835 650 -312.5
836 740 -312.5
837 830 -312.5
838 920 -312.5
839 1010 -312.5
840 1100 -312.5
841 1190 -312.5
842 1280 -312.5
843 1370 -312.5
844 1460 -312.5
845 1550 -312.5
846 1640 -312.5
847 1730 -312.5
848 1820 -312.5
849 1910 -312.5
850 2000 -312.5
851 3183.6 -312.5
852 4259.61 -312.5
853 5237.79 -312.5
854 6127.05 -312.5
855 6935.46 -312.5
856 7670.39 -312.5
857 8338.5 -312.5
858 8945.88 -312.5
859 9498.04 -312.5
860 10000 -312.5
861 0 -250
862 2.4916 -250
863 6.05102 -250
864 11.1359 -250
865 18.4001 -250
866 28.7774 -250
867 43.6021 -250
868 64.7804 -250
869 95.035 -250
870 138.256 -250
871 200 -250
872 290 -250
873 380 -250
874 470 -250
875 560 -250
876 650 -250
877 740 -250
878 830 -250
879 920 -250
880 1010 -250
881 1100 -250
882 1190 -250
883 1280 -250
884 1370 -250
885 1460 -250
886 1550 -250
887 1640 -250
888 1730 -250
889 1820 -250
890 1910 -250
891 2000 -250
892 3183.6 -250
893 4259.61 -250
894 5237.79 -250
895 6127.05 -250
896 6935.46 -250
897 7670.39 -250
898 8338.5 -250
899 8945.88 -250
900 9498.04 -250
901 10000 -250
902 0 -158.61
903 2.4916 -158.61
904 6.05102 -158.61
905 11.1359 -158.61
906 18.4001 -158.61
907 28.7774 -158.61
908 43.6021 -158.61
909 64.7804 -158.61
910 95.035 -158.61
911 138.256 -158.61
912 200 -158.61
913 290 -158.61
914 380 -158.61
915 470 -158.61
916 560 -158.61
917 650 -158.61
918 740 -158.61
919 830 -158.61
920 920 -158.61
921 1010 -158.61
922 1100 -158.61
923 1190 -158.61
924 1280 -158.61
925 1370 -158.61
926 1460 -158.61
927 1550 -158.61
928 1640 -158.61
929 1730 -158.61
930 1820 -158.61
931 1910 -158.61
932 2000 -158.61
933 3183.6 -158.61
934 4259.61 -158.61
935 5237.79 -158.61
936 6127.05 -158.61
937 6935.46 -158.61
938 7670.39 -158.61
939 8338.5 -158.61
940 8945.88 -158.61
941 9498.04 -158.61
942 10000 -158.61
943 0 -75.5287
944 2.4916 -75.5287
945 6.05102 -75.5287
946 11.1359 -75.5287
947 18.4001 -75.5287
948 28.7774 -75.5287
949 43.6021 -75.5287
950 64.7804 -75.5287
951 95.035 -75.5287
952 138.256 -75.5287
953 200 -75.5287
954 290 -75.5287
955 380 -75.5287
956 470 -75.5287
957 560 -75.5287
958 650 -75.5287
959 740 -75.5287
960 830 -75.5287
961 920 -75.5287
962 1010 -75.5287
963 1100 -75.5287
964 1190 -75.5287
965 1280 -75.5287
966 1370 -75.5287
967 1460 -75.5287
968 1550 -75.5287
969 1640 -75.5287
970 1730 -75.5287
971 1820 -75.5287
972 1910 -75.5287
973 2000 -75.5287
974 3183.6 -75.5287
975 4259.61 -75.5287
976 5237.79 -75.5287
977 6127.05 -75.5287
978 6935.46 -75.5287
979 7670.39 -75.5287
980 8338.5 -75.5287
981 8945.88 -75.5287
982 9498.04 -75.5287
983 10000 -75.5287
984 0 0
985 2.4916 0
986 6.05102 0
987 11.1359 0
988 18.4001 0
989 28.7774 0
990 43.6021 0
991 64.7804 0
992 95.035 0
993 138.256 0
994 200 0
995 290 0
996 380 0
997 470 0
998 560 0
999 650 0
1000 740 0
1001 830 0
1002 920 0
1003 1010 0
1004 1100 0
1005 1190 0
1006 1280 0
1007 1370 0
1008 1460 0
1009 1550 0
1010 1640 0
1011 1730 0
1012 1820 0
1013 1910 0
1014 2000 0
1015 3183.6 0
1016 4259.61 0
1017 5237.79 0
1018 6127.05 0
1019 6935.46 0
1020 7670.39 0
1021 8338.5 0
1022 8945.88 0
1023 9498.04 0
1024 10000 0
