5.195729109166432e-27
4.327374115656422e-26
1.425298715401919e-25
3.690640997742576e-25
8.686499372872107e-25
1.955735041752032e-24
4.337797053825893e-24
9.759633308935625e-24
2.336546272364031e-23
6.518894825373083e-23
9.287433084714331e-23
2.849163371599884e-22
3.481805656277344e-22
4.325177228667835e-22
4.966806937087937e-22
5.463212990245173e-22
5.360628111234355e-22
5.831917566864808e-22
5.076199515533019e-22
4.930663155841122e-22
4.189190081423776e-22
3.525274079270062e-22
2.018531978762782e-22
1.534812055295762e-22
-1.919083098879202e-20
-3.735829893546759e-20
-7.714797371917880e-20
-1.186667755540571e-19
-1.622621271088650e-19
-2.076075223236717e-19
-2.238565449985543e-18
-7.586047663591433e-18
-1.183863491952730e-17
-1.491241802802033e-17
-1.687039953126688e-17
-1.792642844493703e-17
-1.831226850062674e-17
-1.822631063827436e-17
-1.781929281164349e-17
-1.719832633897671e-17
-8.484938948292991e-18
1.256313879492525e-06
1.256330569195533e-06
1.256395749059537e-06
1.256580587891914e-06
1.257045965652461e-06
1.258185244732935e-06
1.261073268873608e-06
1.269097870109390e-06
1.294589198205937e-06
1.388550344875171e-06
1.786339916143676e-06
1.382402233717670e-06
1.404263265080583e-06
1.339201606244869e-06
1.226047132989385e-06
1.123000001723495e-06
1.054179528011727e-06
8.319087036967949e-07
7.980981658822960e-07
6.242013922062967e-07
4.783362967111453e-07
3.642947308954601e-07
2.849446470208664e-07
5.706351680818839e-08
-1.079615760282193e-19
-3.053740568717255e-05
-5.891425931463857e-05
-8.598924516346045e-05
-1.115143634065261e-04
-1.356282164428874e-04
-1.585521113280845e-04
-3.370860250554378e-04
-4.416700794284426e-04
-5.039074771495141e-04
-5.404495785265651e-04
-5.613293504039788e-04
-5.728409212094805e-04
-5.789559192070917e-04
-5.820514874417239e-04
-5.834446564274952e-04
-5.838196091332510e-04
5.314876629130402e-06
5.314495236863170e-06
5.313012360882208e-06
5.308859832257881e-06
5.298717738393219e-06
5.275473958125615e-06
5.223705665556311e-06
5.108780382056299e-06
4.847211713160137e-06
4.212206044058597e-06
2.487850068476903e-06
4.095285554164719e-06
3.806935020621171e-06
3.397701481310867e-06
3.069308016409559e-06
2.724167830377903e-06
2.387172812936603e-06
2.649117621271137e-06
1.844276726405523e-06
1.552908374828924e-06
1.220985842556186e-06
8.083846486663975e-07
4.487398445927668e-07
7.329133365554382e-07
-3.624549348263254e-19
-7.295303003965035e-05
-1.437253078001149e-04
-2.091997618330149e-04
-2.710952427137208e-04
-3.298914055375601e-04
-3.854160603130664e-04
-8.194503125490436e-04
-1.073550331881466e-03
-1.224644809373154e-03
-1.313264638182594e-03
-1.363824244224959e-03
-1.391624491350608e-03
-1.406345374725957e-03
-1.413776537841735e-03
-1.417113900960074e-03
-1.418011083675795e-03
5.061057873056240e-06
5.062768133507768e-06
5.069415646366581e-06
5.088014127966302e-06
5.133338525060077e-06
5.236691138698536e-06
5.464367772153432e-06
5.958350675128347e-06
7.032118794441395e-06
9.421925365994916e-06
1.500716547933000e-05
6.912745540431376e-06
5.681091271168119e-06
6.188053367332913e-06
6.726548210834392e-06
6.822565944787435e-06
6.000432009554318e-06
2.880022552776323e-06
4.244163960041974e-06
3.848535246461114e-06
3.115672456702046e-06
2.256831368737963e-06
9.169307200444862e-07
-2.083587087265438e-06
-9.146941364964769e-19
-1.421237226313647e-04
-2.651418010797112e-04
-3.847363331146079e-04
-4.987220785838640e-04
-6.072724411632833e-04
-7.120481296426675e-04
-1.512167699761664e-03
-1.980668945013841e-03
-2.258353678315836e-03
-2.420802231860893e-03
-2.513058833683423e-03
-2.563380638185694e-03
-2.589773591993088e-03
-2.602988119491791e-03
-2.608884241529221e-03
-2.610463964437260e-03
9.199169018928335e-06
9.193466278046146e-06
9.171303037230428e-06
9.109313759395415e-06
8.958362198086107e-06
8.614755025259442e-06
7.860735990303125e-06
6.238146089147965e-06
2.770684521007181e-06
-4.686401103935003e-06
-2.098688659857992e-05
1.450790103067909e-05
2.525579810831742e-05
2.443226294518465e-05
1.939760036840105e-05
1.424570820909725e-05
1.222021446871850e-05
1.717716685217473e-05
5.447733504475005e-06
2.615980593630149e-07
-1.217475597918446e-06
1.733922009376159e-07
4.371710737868639e-06
1.242611060066212e-05
-2.247538450872506e-18
-2.028461261494031e-04
-4.367713816428296e-04
-6.485368982269505e-04
-8.430789810499171e-04
-1.021189973463688e-03
-1.181422690457671e-03
-2.517094686511321e-03
-3.292769639704905e-03
-3.750423718683447e-03
-4.016019443670988e-03
-4.165413924122545e-03
-4.244892162247240e-03
-4.285603195688153e-03
-4.305521677470240e-03
-4.314249884409114e-03
-4.316565692044667e-03
2.576236786635873e-04
2.576377785153377e-04
2.576925746167570e-04
2.578458215205819e-04
2.582189090385258e-04
2.590676999182823e-04
2.609280946501435e-04
2.649213794114424e-04
2.734098655032193e-04
2.914665179085489e-04
3.299528379144374e-04
1.652642176521670e-04
7.682482591626163e-05
3.537117815304865e-05
1.857210140497794e-05
1.069825410267139e-05
-1.084841195086273e-06
-2.827131018069614e-05
6.702973757188831e-06
2.197165307834927e-05
2.162544249961751e-05
8.193406612212253e-06
-1.492071948974093e-05
-4.498220198475741e-05
-4.489437567983393e-18
-4.538298658789905e-04
-7.238415768861479e-04
-9.995861157768543e-04
-1.283773531906801e-03
-1.582939646951885e-03
-1.901721876900329e-03
-3.992011293441998e-03
-5.231899623704875e-03
-5.928686464897041e-03
-6.342401914564994e-03
-6.562016988794706e-03
-6.672060953333662e-03
-6.724701685692024e-03
-6.748706749212558e-03
-6.758608032614969e-03
-6.761145677240470e-03
-1.476710114623971e-03
-1.476736788442994e-03
-1.476840451018601e-03
-1.477130364856188e-03
-1.477836194799541e-03
-1.479442092054963e-03
-1.482962424118102e-03
-1.490521064987492e-03
-1.506599249957769e-03
-1.540844148044442e-03
-1.613374558338422e-03
-9.118679145666301e-04
-4.246352333427222e-04
-9.773219172837582e-05
1.222690713236119e-04
2.781682992331968e-04
4.071040276141134e-04
5.402200163155919e-04
4.270922392269864e-04
3.446323523717248e-04
2.931832035285609e-04
2.700089366555652e-04
2.636005131757846e-04
2.605083983820897e-04
-1.378216399898213e-17
-1.891735679052028e-04
-9.054188732249192e-04
-1.536214960118403e-03
-2.058815992288664e-03
-2.451743807896447e-03
-2.714789272203250e-03
-6.493133981314972e-03
-8.076465523187182e-03
-9.241041093788163e-03
-9.834272700381284e-03
-1.010433482097336e-02
-1.021460157896453e-02
-1.025357735197973e-02
-1.026440599008333e-02
-1.026624388736792e-02
-1.026631001934833e-02
1.104388210119742e-02
1.104390216061065e-02
1.104398013058413e-02
1.104419829366616e-02
1.104473006334226e-02
1.104594320750816e-02
1.104861834500573e-02
1.105443494181303e-02
1.106713347040906e-02
1.109557924865311e-02
1.115808216920738e-02
8.336054555124501e-03
6.037523626293079e-03
4.190060225008003e-03
2.689033905841546e-03
1.443239549589193e-03
3.681158341481523e-04
-6.060277824608665e-04
-6.642638929389067e-04
-7.087871065816197e-04
-7.630328352678646e-04
-8.313174051076737e-04
-8.830440354193066e-04
-8.778217805500272e-04
-2.922128267015957e-17
-2.754444910231346e-03
-3.537802091377652e-03
-4.327873097787171e-03
-5.236604263570494e-03
-6.350063759034403e-03
-7.661184711507385e-03
-8.736226872012675e-03
-1.314309923934628e-02
-1.486628755662242e-02
-1.542161158359782e-02
-1.551511840100151e-02
-1.545510008525103e-02
-1.536661871137119e-02
-1.529579638193850e-02
-1.525496212849258e-02
-1.524270064736230e-02
-9.174435196052080e-02
-9.174416193797821e-02
-9.174342355770344e-02
-9.174135936529254e-02
-9.173633890244216e-02
-9.172494282609503e-02
-9.170008871254694e-02
-9.164731108435008e-02
-9.153767747380001e-02
-9.131548564533788e-02
-9.086693580242643e-02
-7.959176022889020e-02
-6.912394862960899e-02
-5.946147727134638e-02
-5.045975908508739e-02
-4.198926326937888e-02
-3.392301764875330e-02
-2.617018995204136e-02
-2.142830696413450e-02
-1.686225916014352e-02
-1.242183943535707e-02
-8.125373236917635e-03
-4.106800744969900e-03
-5.301229903850553e-04
-7.384808683051319e-17
6.984031176030907e-03
7.574142380579267e-03
7.998865206049106e-03
8.593291398195129e-03
9.596125875851874e-03
1.092775196888824e-02
-2.299439277991710e-02
-2.660940986084643e-02
-2.610775202681145e-02
-2.489561013177891e-02
-2.379592519135883e-02
-2.296732655443519e-02
-2.240301501679222e-02
-2.205666734797857e-02
-2.187927534895468e-02
-2.182843527492971e-02
5.206847689733290e-01
5.206833703106742e-01
5.206779352247310e-01
5.206627392217091e-01
5.206257688505253e-01
5.205417906322749e-01
5.203583577845353e-01
5.199675334296678e-01
5.191497695039846e-01
5.174664159691413e-01
5.140218066824673e-01
4.709375316787957e-01
4.273977087353143e-01
3.838819027249009e-01
3.403916311553744e-01
2.969564544510110e-01
2.535992826967145e-01
2.104474163191430e-01
1.764568139399405e-01
1.428731364680935e-01
1.097766140280525e-01
7.746974455128419e-02
4.662019044386996e-02
1.797755328742777e-02
-3.101204427103028e-15
-4.621115135262682e-02
-7.007815449600982e-02
-9.129301221177419e-02
-1.108792279701088e-01
-1.295445724077420e-01
-1.469657015538996e-01
-7.667539312124382e-02
-5.464645097873007e-02
-4.325285273692858e-02
-3.682768560053973e-02
-3.298136383084775e-02
-3.062875507224859e-02
-2.920290181782142e-02
-2.838465518448875e-02
-2.798051044188390e-02
-2.786647063062545e-02
5.966549623275572e-01
5.966521988609692e-01
5.966414590841920e-01
5.966114222386507e-01
5.965382889437729e-01
5.963718713042571e-01
5.960069470187653e-01
5.952229771877833e-01
5.935553006959040e-01
5.900494742995477e-01
5.852195793333608e-01
5.350667043439231e-01
4.849925533688929e-01
4.349129283563218e-01
3.848743335625507e-01
3.348895083978864e-01
2.849930870225054e-01
2.352081432813716e-01
1.987150356780298e-01
1.625514038200852e-01
1.268572823988589e-01
9.193081459862763e-02
5.824089331290158e-02
2.722843355116832e-02
-9.328840596038409e-15
-4.140665112771232e-02
-6.573128647764492e-02
-8.709688635430200e-02
-1.070460933455723e-01
-1.260320210035336e-01
-1.444361306848319e-01
-7.781876928911738e-02
-5.497052015598015e-02
-4.348333606388802e-02
-3.696577926690419e-02
-3.308499916995338e-02
-3.071135008660453e-02
-2.927442919535432e-02
-2.845011362502400e-02
-2.804309728886192e-02
-2.792825803568007e-02
6.808463469621039e-01
6.808425936824347e-01
6.808280071602395e-01
6.807872118191762e-01
6.806878835533231e-01
6.804618506150698e-01
6.799660973129203e-01
6.788998276058600e-01
6.766160924315707e-01
6.715607268000164e-01
6.560437215917448e-01
5.992225457093312e-01
5.425446311380532e-01
4.859098754845160e-01
4.293173998106177e-01
3.727783490210482e-01
3.163108692450913e-01
2.599351135342092e-01
2.208432726599638e-01
1.820526202196606e-01
1.436651499321313e-01
1.059168225232387e-01
6.921542614924446e-02
3.423089866240946e-02
-4.674734254378241e-15
-3.865919269055774e-02
-6.198115041431128e-02
-8.331786723859085e-02
-1.034518816372451e-01
-1.228214772264155e-01
-1.417360998714198e-01
-7.887229914885814e-02
-5.528260312704853e-02
-4.369913690905210e-02
-3.709585353841227e-02
-3.318230297088052e-02
-3.078887231672977e-02
-2.934152547451992e-02
-2.851149621563182e-02
-2.810177808038250e-02
-2.798618608261052e-02
7.762725703323877e-01
7.762682006707639e-01
7.762512209686104e-01
7.762037507983118e-01
7.760882821925947e-01
7.758261130775405e-01
7.752540830548845e-01
7.740387680329366e-01
7.715180953164166e-01
7.665266514392317e-01
7.588937693024648e-01
6.909668325814587e-01
6.231657820475015e-01
5.554312485727722e-01
4.877427072171112e-01
4.201003491425782e-01
3.525125825769698e-01
2.849966377140989e-01
2.430088230214357e-01
2.012973085663681e-01
1.598916618070989e-01
1.189594699903930e-01
7.873441554315645e-02
3.925356098904033e-02
-8.139082891002711e-16
-3.816266951938879e-02
-6.002720994673281e-02
-8.091433012164528e-02
-1.009689783963533e-01
-1.204693714152166e-01
-1.396146280272585e-01
-7.967937711361618e-02
-5.561872272466577e-02
-4.389109424892446e-02
-3.721997464169060e-02
-3.327265000279275e-02
-3.086141120762015e-02
-2.940411911226020e-02
-2.856878315692441e-02
-2.815652431639157e-02
-2.804023096995773e-02
8.851715339350932e-01
8.851662090121142e-01
8.851455166521494e-01
8.850876614807445e-01
8.849468983575312e-01
8.846271189664432e-01
8.839284734776164e-01
8.824394224216657e-01
8.793238297776432e-01
8.729479538881241e-01
8.633834295228427e-01
7.841185695227888e-01
7.049750621212691e-01
6.259046040805177e-01
5.468795549064548e-01
4.678901812772796e-01
3.889362169820576e-01
3.100272049797606e-01
2.651021903632925e-01
2.204145950259684e-01
1.759186557007709e-01
1.317019218947911e-01
8.782821823320215e-02
4.408232849950650e-02
1.782552808200279e-15
-3.786625026162975e-02
-5.847843525669304e-02
-7.880371300481608e-02
-9.869636103716656e-02
-1.182588047058133e-01
-1.375939243705004e-01
-8.037046114543146e-02
-5.594455903597324e-02
-4.406779338004698e-02
-3.733567497014731e-02
-3.335659542601832e-02
-3.092875265389738e-02
-2.946222116159247e-02
-2.862193528130338e-02
-2.820731504105299e-02
-2.809036766808247e-02
1.010390350393989e+00
1.010383850619559e+00
1.010358591150479e+00
1.010287952846662e+00
1.010116005291714e+00
1.009724942687565e+00
1.008868353082322e+00
1.007031579487913e+00
1.003127607788792e+00
9.946988610894313e-01
9.697672376594300e-01
8.788591674415039e-01
7.880906750059717e-01
6.973932694523809e-01
6.067364124068163e-01
5.161018628190865e-01
4.254805833048638e-01
3.348714401644104e-01
2.870034086137575e-01
2.393259938677840e-01
1.917172569798177e-01
1.441936402866113e-01
9.668471499603089e-02
4.900408934737406e-02
3.179860444673452e-15
-3.746361331506178e-02
-5.710931358647980e-02
-7.686399280007779e-02
-9.655589456664011e-02
-1.161399899177485e-01
-1.356462801501391e-01
-8.096665727155022e-02
-5.625401937436272e-02
-4.423037403421345e-02
-3.744249844522202e-02
-3.343415734315436e-02
-3.099083251467946e-02
-2.951580523213556e-02
-2.867092605572391e-02
-2.825412792434647e-02
-2.813657424400416e-02
1.155224518352398e+00
1.155217176658159e+00
1.155188646213753e+00
1.155108867814178e+00
1.154914715611652e+00
1.154473393326226e+00
1.153507989976863e+00
1.151445057010619e+00
1.147108605586507e+00
1.138210306633906e+00
1.125586017385815e+00
1.015458116765718e+00
9.054544672195501e-01
7.955224090270393e-01
6.856216584471715e-01
5.757275481825025e-01
4.658221227031778e-01
3.558920172562918e-01
3.053612874707006e-01
2.549982440665683e-01
2.045831582019838e-01
1.540684091373768e-01
1.033409632413181e-01
5.206375525024873e-02
5.489751867423773e-15
-3.834481992502699e-02
-5.687672737810822e-02
-7.597581826813729e-02
-9.529130485102325e-02
-1.147144424541720e-01
-1.342055454682256e-01
-8.137743795196029e-02
-5.656958640603571e-02
-4.437251031242277e-02
-3.754198525270178e-02
-3.350482745690998e-02
-3.104773189852318e-02
-2.956480941969726e-02
-2.871574092445507e-02
-2.829693954642700e-02
-2.817883174088909e-02
1.322280457936962e+00
1.322272521119876e+00
1.322241677445374e+00
1.322155426412839e+00
1.321945496134199e+00
1.321468167150152e+00
1.320423238602756e+00
1.318185974892665e+00
1.313451457716550e+00
1.303432555510003e+00
1.281362671189027e+00
1.151998363546848e+00
1.022778962871529e+00
8.936248089056443e-01
7.644900137567427e-01
6.353445116355553e-01
5.061619722316909e-01
3.769158322628877e-01
3.237254259744843e-01
2.706816134500991e-01
2.174729497474469e-01
1.640088556716585e-01
1.101258480878137e-01
5.557254909035415e-02
6.425041291956362e-15
-3.880295422208726e-02
-5.652765385192237e-02
-7.502867164867846e-02
-9.400062244361959e-02
-1.132683993494005e-01
-1.327489891513312e-01
-8.173608537677046e-02
-5.685868411489044e-02
-4.450185749918706e-02
-3.763207875937378e-02
-3.356904565963498e-02
-3.109928590074814e-02
-2.960924064107675e-02
-2.875634939017667e-02
-2.833573331677029e-02
-2.821712039425405e-02
1.513180945946576e+00
1.513173032404496e+00
1.513142276565393e+00
1.513056250342694e+00
1.512846743610694e+00
1.512369751888898e+00
1.511322752431717e+00
1.509070175565381e+00
1.504272628003751e+00
1.494021888453593e+00
1.467153263239711e+00
1.313624369892972e+00
1.160261529624546e+00
1.006952727125026e+00
8.536471012232006e-01
7.003132632723131e-01
5.469174997443821e-01
3.934186061782777e-01
3.381351495112049e-01
2.830016641939003e-01
2.276057983891158e-01
1.718224183401265e-01
1.154549516518233e-01
5.831471842889559e-02
7.311374985436909e-15
-3.908693461442807e-02
-5.611875550852634e-02
-7.410670146697666e-02
-9.277582174509091e-02
-1.119041673202890e-01
-1.313745128432523e-01
-8.202729493618040e-02
-5.712621696313465e-02
-4.461639210080807e-02
-3.771328384726919e-02
-3.362657828723331e-02
-3.114551427305992e-02
-2.964905969572688e-02
-2.879273595457436e-02
-2.837049072304019e-02
-2.825142390432901e-02
1.726666643793224e+00
1.726661712347516e+00
1.726642530783830e+00
1.726588753988171e+00
1.726457037696413e+00
1.726153252906174e+00
1.725467755172521e+00
1.723908601126639e+00
1.720237462012470e+00
1.711508543169117e+00
1.699746187095526e+00
1.514387731585168e+00
1.329196283629019e+00
1.144035844702534e+00
9.588565772352963e-01
7.736338338673292e-01
5.883283321070787e-01
4.028806251366887e-01
3.463875092546470e-01
2.900856480125977e-01
2.334437346441277e-01
1.763092330936175e-01
1.184541753928290e-01
5.963072574197932e-02
8.542371223771683e-15
-3.931616169722003e-02
-5.567005745257212e-02
-7.323378583428798e-02
-9.165272156344247e-02
-1.106641248060939e-01
-1.301230563262222e-01
-8.224835137242012e-02
-5.737412372595489e-02
-4.471484800398194e-02
-3.778593044332635e-02
-3.367724298391150e-02
-3.118642839877719e-02
-2.968423292280581e-02
-2.882488626005298e-02
-2.840119529637143e-02
-2.828172753993319e-02
1.950414801092773e+00
1.950422202041557e+00
1.950450935481619e+00
1.950531062849088e+00
1.950724740848279e+00
1.951157985928091e+00
1.952070996519283e+00
1.953852134492883e+00
1.956730467574625e+00
1.957581924709164e+00
1.932215129881017e+00
1.715065409695721e+00
1.498102242007823e+00
1.281104166560424e+00
1.064063545499566e+00
8.469685274604593e-01
6.297802208106339e-01
4.124128755496574e-01
3.547304637266927e-01
2.972916314068237e-01
2.394604609624168e-01
1.810650422928765e-01
1.218281534780232e-01
6.140252177348877e-02
9.187140509470028e-15
-3.911098267721795e-02
-5.487936787989574e-02
-7.212027915562552e-02
-9.036318521029493e-02
-1.092919985274359e-01
-1.287506034215537e-01
-8.246335066571704e-02
-5.758777005144351e-02
-4.480021180807158e-02
-3.784926758278701e-02
-3.372114390077970e-02
-3.122197068613785e-02
-2.971474770892026e-02
-2.885278321189063e-02
-2.842783364096711e-02
-2.830801770530925e-02
2.146777099784023e+00
2.146806400444984e+00
2.146920286627377e+00
2.147238911989792e+00
2.148015358838641e+00
2.149785639165441e+00
2.153684041587725e+00
2.162133733788878e+00
2.180432947539284e+00
2.220338238999301e+00
2.275377269473389e+00
2.007512999937378e+00
1.739598347195459e+00
1.471546337405402e+00
1.203436195095365e+00
9.352623995521474e-01
6.670064878426265e-01
3.985502943082345e-01
3.429795735112429e-01
2.878057732160100e-01
2.322254995954678e-01
1.760312643744085e-01
1.189513210414253e-01
6.037587526194246e-02
1.080362441986377e-14
-3.625385395919745e-02
-5.199001118311915e-02
-6.951896129596379e-02
-8.811618735537717e-02
-1.074577637651060e-01
-1.273699562119699e-01
-8.265194645389098e-02
-5.777345956674201e-02
-4.487013831642991e-02
-3.790396234827852e-02
-3.375801043578144e-02
-3.125219183324142e-02
-2.974056449515176e-02
-2.887642018683559e-02
-2.845039159251208e-02
-2.833028387613445e-02
2.259944108513542e+00
2.259983509434618e+00
2.260136689481774e+00
2.260565538546363e+00
2.261612339314969e+00
2.264008335825229e+00
2.269331328509097e+00
2.281102316948742e+00
2.307851452863660e+00
2.374663815646070e+00
2.619734318923691e+00
2.301503131150199e+00
1.982220933687207e+00
1.662830348200003e+00
1.343350238665322e+00
1.023807837256603e+00
7.041912988840791e-01
3.844929437846101e-01
3.310071641530309e-01
2.782067666639205e-01
2.250006357064762e-01
1.711834929760703e-01
1.164032723118440e-01
6.036431103271600e-02
4.719320994305776e-15
-3.234520403246192e-02
-4.867637726810738e-02
-6.658923788170040e-02
-8.564571427666379e-02
-1.054672066044601e-01
-1.257958650660898e-01
-8.286495212039349e-02
-5.791944732518722e-02
-4.492698883171546e-02
-3.794947620762648e-02
-3.378788831534427e-02
-3.127706857428199e-02
-2.976166471445689e-02
-2.889578854062199e-02
-2.846885760142071e-02
-2.834851707068198e-02
2.248250236526621e+00
2.248260861761297e+00
2.248302135392963e+00
2.248417411061130e+00
2.248697125403374e+00
2.249328537289981e+00
2.250687578328509e+00
2.253479354339528e+00
2.258734570080812e+00
2.265395695647094e+00
2.218253554953816e+00
2.074850314011826e+00
1.825695590065856e+00
1.551636152100114e+00
1.267723259443624e+00
9.849188419071012e-01
7.153963214542024e-01
5.042695638526483e-01
3.716192381724621e-01
2.927341540845842e-01
2.276874362437653e-01
1.685808122001064e-01
1.117771634984793e-01
5.547086575251665e-02
3.485098874151960e-17
-2.614403558538596e-02
-4.786790833919018e-02
-6.687734722689166e-02
-8.539976564580240e-02
-1.031729344283942e-01
-1.184373372420447e-01
-8.436984244178876e-02
-5.777014110417416e-02
-4.506194808209386e-02
-3.797948048445295e-02
-3.382425318458422e-02
-3.130237136523654e-02
-2.978438443154281e-02
-2.891630435938065e-02
-2.848850515120330e-02
-2.836788807035921e-02
2.169420755036029e+00
2.169408862964900e+00
2.169362624573219e+00
2.169233131816573e+00
2.168916796476968e+00
2.168191472949013e+00
2.166574298094178e+00
2.162975399950505e+00
2.154741366301592e+00
2.134669955495944e+00
2.099610997293036e+00
1.953419320905668e+00
1.742914398477796e+00
1.493650126151729e+00
1.230112241474280e+00
9.688845382287027e-01
7.303107732076016e-01
5.369815907010050e-01
3.984554573439557e-01
3.028606317036523e-01
2.303747237501729e-01
1.678813210753308e-01
1.097935279792072e-01
5.384423835642573e-02
3.248966785575281e-17
-2.478164713192261e-02
-4.689218398549645e-02
-6.668295668100456e-02
-8.492676983095283e-02
-1.014471164445926e-01
-1.149149691221773e-01
-8.504881641068000e-02
-5.772536338155713e-02
-4.512212411393334e-02
-3.799826914431906e-02
-3.384226400713695e-02
-3.131584717963685e-02
-2.979614387774503e-02
-2.892702218147722e-02
-2.849873849930667e-02
-2.837798693619363e-02
2.137599923504781e+00
2.137584392786884e+00
2.137524038679071e+00
2.137355270208234e+00
2.136944535167286e+00
2.136010898933691e+00
2.133969167623615e+00
2.129615532238472e+00
2.120565607764829e+00
2.102927582156495e+00
2.063367021563146e+00
1.921033349956062e+00
1.718058309203161e+00
1.476716966360269e+00
1.219291023202422e+00
9.650602238195409e-01
7.341302428339433e-01
5.452770798193995e-01
4.056450282781240e-01
3.063842448373413e-01
2.313198655014513e-01
1.677705843976553e-01
1.092941117415447e-01
5.344209971592856e-02
1.545083205916165e-17
-2.448648073428475e-02
-4.662870192194066e-02
-6.656431073193732e-02
-8.473524289216626e-02
-1.009043301607710e-01
-1.139161010399955e-01
-8.523598366394794e-02
-5.771601442160137e-02
-4.513861715203761e-02
-3.800413500104796e-02
-3.384744356741456e-02
-3.131983068042875e-02
-2.979958498738621e-02
-2.893016826659638e-02
-2.850174004864842e-02
-2.838094768437461e-02
