-1.992427827180406e-18
-1.080707212923928e-17
-1.810876780211232e-17
-2.200044249820965e-17
-2.329395528818755e-17
-2.281272034320524e-17
-2.124416340677448e-17
-1.910022776961968e-17
-1.673225361879494e-17
-1.436485316133049e-17
-1.213086097715988e-17
-1.010044013108382e-17
-8.302949886668322e-18
-6.742410528090351e-18
-5.408003079608143e-18
-4.280974374555624e-18
-3.339044298564581e-18
-2.559124216266508e-18
-1.918917161705920e-18
-1.397791518144527e-18
-9.771924026862051e-19
-6.407666378233576e-19
-3.743170332361601e-19
-1.656611536029309e-19
-2.471518498881789e-18
-8.182854210000889e-32
-1.110421828224350e-32
-1.002377018838055e-32
-9.074750010420167e-33
-8.232470666604231e-33
-7.479263397755329e-33
-6.801982505862835e-33
-6.190505788521026e-33
-5.636798120960318e-33
-5.134309651967669e-33
-4.677578654575280e-33
-4.261962921430657e-33
-3.883453865821679e-33
-3.538545008968987e-33
-3.224137913366159e-33
-1.537625486574670e-33
-1.441555465949936e-02
-1.403176110512248e-02
-1.327639051226530e-02
-1.226984218735307e-02
-1.114449758943394e-02
-9.995337046352892e-03
-8.882077473779119e-03
-7.837910604002896e-03
-6.878215120337547e-03
-6.007345356973290e-03
-5.223326814466135e-03
-4.520870754080995e-03
-3.893205936209226e-03
-3.333138178668313e-03
-2.833630041501974e-03
-2.388093113099031e-03
-1.990513755042293e-03
-1.635485780639704e-03
-1.318193639243920e-03
-1.034371372276090e-03
-7.802516368588529e-04
-5.525126277896678e-04
-3.482269764721280e-04
-1.648145651008569e-04
-1.364753344276008e-17
-1.410274098421143e-17
-1.391558688558168e-17
-1.377385570946026e-17
-1.366584240276382e-17
-1.358327085834119e-17
-1.352014094996860e-17
-1.347201059590354e-17
-1.343553354495805e-17
-1.340815282956404e-17
-1.338789188105849e-17
-1.337320864513837e-17
-1.336289139664656e-17
-1.335598282133443e-17
-1.335172368886933e-17
-1.334951038707831e-17
-1.334886246584132e-17
-2.873330060390036e-02
-2.793495228024811e-02
-2.637017264767845e-02
-2.429842205683098e-02
-2.199960625888855e-02
-1.967038342879768e-02
-1.743063470826433e-02
-1.534395958502716e-02
-1.343730342086700e-02
-1.171573115844035e-02
-1.017230078232668e-02
-8.794183263038496e-03
-7.566244351318761e-03
-6.473029032808802e-03
-5.499787911991673e-03
-4.632950341354789e-03
-3.860289687022126e-03
-3.170924973085967e-03
-2.555241549906028e-03
-2.004776925169467e-03
-1.512096694399410e-03
-1.070673407850112e-03
-6.747744330328160e-04
-3.193611668857467e-04
-2.439874121136953e-17
-2.412118590441272e-17
-2.404918940358967e-17
-2.398548459228980e-17
-2.393135865272734e-17
-2.388660628105441e-17
-2.385036126058187e-17
-2.382152011959873e-17
-2.379895386763059e-17
-2.378160842582943e-17
-2.376854647030223e-17
-2.375895880773901e-17
-2.375216045317843e-17
-2.374757962478570e-17
-2.374474407454639e-17
-2.374326707851960e-17
-2.374283419320870e-17
-4.386637609279768e-02
-4.256491297477730e-02
-4.003098590406856e-02
-3.671043992646494e-02
-3.306997061019646e-02
-2.942635672781985e-02
-2.596300878920085e-02
-2.276957571804253e-02
-1.987760660359191e-02
-1.728598155808411e-02
-1.497701552268530e-02
-1.292589686355708e-02
-1.110588147356634e-02
-9.490961512961747e-03
-8.057101596920713e-03
-6.782695703708356e-03
-5.648620250715170e-03
-4.638092688956032e-03
-3.736448958086647e-03
-2.930898957976120e-03
-2.210289235918820e-03
-1.564885884816429e-03
-9.861821313422493e-04
-4.667308169155216e-04
-3.254767604581735e-17
-3.240704847245942e-17
-3.225538128521473e-17
-3.213838574189951e-17
-3.204770893336294e-17
-3.197736890909873e-17
-3.192292625474723e-17
-3.188100020602700e-17
-3.184896892567417e-17
-3.182477336209442e-17
-3.180678252317684e-17
-3.179369711462864e-17
-3.178447834963338e-17
-3.177829401863914e-17
-3.177447685059019e-17
-3.177249190383569e-17
-3.177191061219998e-17
-6.049762056703139e-02
-5.854144511924164e-02
-5.476820390189695e-02
-4.989383287430009e-02
-4.463734045351854e-02
-3.946305408011969e-02
-3.462002189142227e-02
-3.021464051623077e-02
-2.627096974143707e-02
-2.277071903191752e-02
-1.967676857484999e-02
-1.694591135558842e-02
-1.453524708264997e-02
-1.240507274800817e-02
-1.051993538695143e-02
-8.848772025706423e-03
-7.364631973508944e-03
-6.044237641676476e-03
-4.867510821763643e-03
-3.817123054388090e-03
-2.878093572286116e-03
-2.037440872280586e-03
-1.283885848395500e-03
-6.076010886711927e-04
-3.858261298531461e-17
-3.838595039088669e-17
-3.823905983300093e-17
-3.812061309795564e-17
-3.802599770026896e-17
-3.795104724299132e-17
-3.789217149333657e-17
-3.784634988497720e-17
-3.781107505003911e-17
-3.778428252651986e-17
-3.776428159647398e-17
-3.774969294014466e-17
-3.773939471835943e-17
-3.773247696235774e-17
-3.772820347369965e-17
-3.772598023671332e-17
-3.772532907433454e-17
-7.921497026103355e-02
-7.637087417006762e-02
-7.095214371810493e-02
-6.408189272650844e-02
-5.682903442865442e-02
-4.983806612577769e-02
-4.341831012719421e-02
-3.767394940918123e-02
-3.260179907637321e-02
-2.815036398054738e-02
-2.425137626218521e-02
-2.083511189897808e-02
-1.783703879797682e-02
-1.520012837992484e-02
-1.287513276735313e-02
-1.081999473766779e-02
-8.998958751122575e-03
-7.381645740713073e-03
-5.942202369197206e-03
-4.658562193000728e-03
-3.511822589291347e-03
-2.485727312674026e-03
-1.566239937111685e-03
-7.411931106918296e-04
-4.282329315357334e-17
-4.261182655556145e-17
-4.244024142061458e-17
-4.230422672033621e-17
-4.219671213012761e-17
-4.211210647620751e-17
-4.204593154253032e-17
-4.199457581286491e-17
-4.195511669427276e-17
-4.192518552578960e-17
-4.190286187046226e-17
-4.188658924498454e-17
-4.187510723831535e-17
-4.186739650271188e-17
-4.186263402020942e-17
-4.186015665123964e-17
-4.185943125927901e-17
-1.005956999652830e-01
-9.651616497311812e-02
-8.886544155015891e-02
-7.939283331269215e-02
-6.965380100250312e-02
-6.050262345596896e-02
-5.228622234290756e-02
-4.507190185828305e-02
-3.879935164147601e-02
-3.336232466539281e-02
-2.864701713585414e-02
-2.454791481066110e-02
-2.097297682178500e-02
-1.784415939021391e-02
-1.509612287611019e-02
-1.267440343088260e-02
-1.053359035951055e-02
-8.635710329248990e-03
-6.948869248040873e-03
-5.446140652251576e-03
-4.104667726863385e-03
-2.904941942394522e-03
-1.830224157690814e-03
-8.660791628501410e-04
-4.551521277105718e-17
-4.527628900993334e-17
-4.508633066832364e-17
-4.493511616908032e-17
-4.481533423937618e-17
-4.472097809994524e-17
-4.464714196454038e-17
-4.458982993703011e-17
-4.454579216362136e-17
-4.451238837646773e-17
-4.448747561874733e-17
-4.446931636806284e-17
-4.445650351670110e-17
-4.444789916458528e-17
-4.444258468951887e-17
-4.443982001297955e-17
-4.443901050721210e-17
-1.252698194276492e-01
-1.194412829790113e-01
-1.087260525321676e-01
-9.584530289779593e-02
-8.302096867557167e-02
-7.132661239697648e-02
-6.109213399984312e-02
-5.229100729863700e-02
-4.476439166282260e-02
-3.832485454947085e-02
-3.279704290764224e-02
-2.803014600268069e-02
-2.389901508367264e-02
-2.030131227890939e-02
-1.715370601022393e-02
-1.438824881670576e-02
-1.194929173086282e-02
-9.790980926260146e-03
-7.875273189824582e-03
-6.170378912642368e-03
-4.649544545561591e-03
-3.290099722433680e-03
-2.072708973278106e-03
-9.807810898315574e-04
-4.687868763651874e-17
-4.661742721364007e-17
-4.640896933275069e-17
-4.624339162546847e-17
-4.611239801059146e-17
-4.600928954941998e-17
-4.592864409948896e-17
-4.586606689131521e-17
-4.581799386928583e-17
-4.578153456012145e-17
-4.575434555939001e-17
-4.573452824216225e-17
-4.572054582284001e-17
-4.571115597594691e-17
-4.570535602479803e-17
-4.570233830745289e-17
-4.570145452311422e-17
-1.539787064892241e-01
-1.456415476400733e-01
-1.306909278905558e-01
-1.133595970929712e-01
-9.675265691812311e-02
-8.212044803159751e-02
-6.967005273556851e-02
-5.919680098594690e-02
-5.039136854558102e-02
-4.295595468082190e-02
-3.663776235277454e-02
-3.123210294684851e-02
-2.657611227442224e-02
-2.254071727840225e-02
-1.902334347993981e-02
-1.594196673446872e-02
-1.323047076870646e-02
-1.083509192960845e-02
-8.711715335872729e-03
-6.823819551527405e-03
-5.140909270843127e-03
-3.637313784507190e-03
-2.291259755730428e-03
-1.084150313765761e-03
-4.712810491544598e-17
-4.684920062504831e-17
-4.662708062627873e-17
-4.645069112951996e-17
-4.631118987444677e-17
-4.620142012387920e-17
-4.611558835196491e-17
-4.604900166529402e-17
-4.599785730159351e-17
-4.595907359191864e-17
-4.593015379919979e-17
-4.590907618009293e-17
-4.589420500236112e-17
-4.588421838588749e-17
-4.587804969926790e-17
-4.587483990595646e-17
-4.587389929224327e-17
-1.876403940005999e-01
-1.756650256497724e-01
-1.548437174525952e-01
-1.317511633419975e-01
-1.105961531883503e-01
-9.265829625268200e-02
-7.784427254146319e-02
-6.565940500339035e-02
-5.558583300840036e-02
-4.718701167505317e-02
-4.011902513186587e-02
-3.411677825664318e-02
-2.897665732422671e-02
-2.454154292985393e-02
-2.068915750098817e-02
-1.732335531229184e-02
-1.436770294277868e-02
-1.176076019418938e-02
-9.452600312885482e-03
-7.402228338295271e-03
-5.575650883543549e-03
-3.944420527257350e-03
-2.484528188555434e-03
-1.175552452062720e-03
-4.647407319861058e-17
-4.618476991907079e-17
-4.595448560170407e-17
-4.577174153031535e-17
-4.562728488476763e-17
-4.551365586125908e-17
-4.542482959276237e-17
-4.535593322826728e-17
-4.530302244547559e-17
-4.526290342896742e-17
-4.523299016121389e-17
-4.521118958640843e-17
-4.519580887946697e-17
-4.518548038005303e-17
-4.517910071778953e-17
-4.517578137069122e-17
-4.517480793097636e-17
-2.274331917116101e-01
-2.101258932879464e-01
-1.811671597518906e-01
-1.507226691881192e-01
-1.242420281944164e-01
-1.027042807113761e-01
-8.545232336636797e-02
-7.157054800817317e-02
-6.027631212441176e-02
-5.097091533174745e-02
-4.320974918163094e-02
-3.666363682717644e-02
-3.108706955858629e-02
-2.629480292526325e-02
-2.214520000743060e-02
-1.852847562517727e-02
-1.535837709469861e-02
-1.256625176166678e-02
-1.009677468299293e-02
-7.904838511576539e-03
-5.953264151467535e-03
-4.211096834133956e-03
-2.652324084801335e-03
-1.254900802517790e-03
-4.511780644777158e-17
-4.482591605488132e-17
-4.459376984168033e-17
-4.440965393568192e-17
-4.426417875456350e-17
-4.414978862468462e-17
-4.406039132287624e-17
-4.399106605558754e-17
-4.393783386870947e-17
-4.389747556908725e-17
-4.386738627073819e-17
-4.384545870421492e-17
-4.382998919681053e-17
-4.381960169837974e-17
-4.381318626759180e-17
-4.380984919308174e-17
-4.380886949283434e-17
-2.749138979988815e-01
-2.497066806994485e-01
-2.095001525850143e-01
-1.698621310076512e-01
-1.373516487896632e-01
-1.120403212038657e-01
-9.236379764811407e-02
-7.685457442209645e-02
-6.442025762932001e-02
-5.428498210061564e-02
-4.589909578493195e-02
-3.886881099229850e-02
-3.290747028202048e-02
-2.780277342819417e-02
-2.339477361787713e-02
-1.956096765398524e-02
-1.620605773285777e-02
-1.325481767614796e-02
-1.064704886435630e-02
-8.333962619002367e-03
-6.275550025877050e-03
-4.438644718764380e-03
-2.795478419170352e-03
-1.322591212311234e-03
-4.324377780406745e-17
-4.295728904036917e-17
-4.272966768374661e-17
-4.254928194777336e-17
-4.240683706172423e-17
-4.229487810201114e-17
-4.220740848243663e-17
-4.213959338892108e-17
-4.208752880466328e-17
-4.204805955867247e-17
-4.201863467179095e-17
-4.199719178143241e-17
-4.198206429021012e-17
-4.197190650901852e-17
-4.196563317626610e-17
-4.196237052165034e-17
-4.196141068424146e-17
-3.321970124597727e-01
-2.951405870736136e-01
-2.394811921063597e-01
-1.886561880539131e-01
-1.495944481500760e-01
-1.204915237931559e-01
-9.849231535231427e-02
-8.147276950689068e-02
-6.800457728690412e-02
-5.712970011035520e-02
-4.819446232476423e-02
-4.074286910390913e-02
-3.444949077761660e-02
-2.907696640613923e-02
-2.444862452847564e-02
-2.043047973968401e-02
-1.691914900113381e-02
-1.383358104842366e-02
-1.110929167130801e-02
-8.694277470290840e-03
-6.546073950632981e-03
-4.629606674821088e-03
-2.915600490061247e-03
-1.379387043574009e-03
-4.101388356772390e-17
-4.074071102316954e-17
-4.052402420852452e-17
-4.035251343359854e-17
-4.021719858834663e-17
-4.011091269695172e-17
-4.002791256967284e-17
-3.996358138663071e-17
-3.991419971056035e-17
-3.987676684169876e-17
-3.984885988223568e-17
-3.982852190096361e-17
-3.981417254024347e-17
-3.980453623785446e-17
-3.979858444471231e-17
-3.979548904197548e-17
-3.979457410855308e-17
-4.022386358519627e-01
-3.471561564226978e-01
-2.704850409328935e-01
-2.065278152475757e-01
-1.606904372621525e-01
-1.279436840888223e-01
-1.037991420073842e-01
-8.542169145881633e-02
-7.104210180666476e-02
-5.952473846638696e-02
-5.011762945309248e-02
-4.230732710912910e-02
-3.573321290343391e-02
-3.013549581120855e-02
-2.532270427932286e-02
-2.115078772777449e-02
-1.750933268734464e-02
-1.431225823690680e-02
-1.149140277724923e-02
-8.992019840390122e-03
-6.769560293131104e-03
-4.787337420607469e-03
-3.014808231446922e-03
-1.426291586836450e-03
-3.856431884024952e-17
-3.831257603125221e-17
-3.811349218170345e-17
-3.795627249305121e-17
-3.783243908148794e-17
-3.773528661196683e-17
-3.765947919745900e-17
-3.760075130048258e-17
-3.755568154814610e-17
-3.752151897801104e-17
-3.749604782841472e-17
-3.747748160126847e-17
-3.746437921756645e-17
-3.745557823229889e-17
-3.745014145186584e-17
-3.744731417567379e-17
-3.744647024395591e-17
-4.892920201254315e-01
-4.063542930762974e-01
-3.015691331493629e-01
-2.229042389813354e-01
-1.704481770326106e-01
-1.343486446425519e-01
-1.082892548491856e-01
-8.872733881263206e-02
-7.356571794268882e-02
-6.150369041908261e-02
-5.170025917485429e-02
-4.359086134424642e-02
-3.678400768141127e-02
-3.100044925291338e-02
-2.603599206623268e-02
-2.173799884107210e-02
-1.799009709152798e-02
-1.470196667900717e-02
-1.180236196008578e-02
-9.234246284509423e-03
-6.951337150802156e-03
-4.915612259904301e-03
-3.095481966021905e-03
-1.464431657928241e-03
-3.600512121602373e-17
-3.578374289445599e-17
-3.560974677155446e-17
-3.547298190795199e-17
-3.536563249025586e-17
-3.528162140257000e-17
-3.521617744433236e-17
-3.516552942556088e-17
-3.512667985557691e-17
-3.509723547446987e-17
-3.507527859322780e-17
-3.505926865729492e-17
-3.504796587273235e-17
-3.504037136382797e-17
-3.503568002055013e-17
-3.503324322957291e-17
-3.503250125428417e-17
-5.996232360520127e-01
-4.729746163489670e-01
-3.314596888135999e-01
-2.373114998841322e-01
-1.787854679836555e-01
-1.397171503531664e-01
-1.120026667401890e-01
-9.143730732321846e-02
-7.562176267394090e-02
-6.310873685028966e-02
-5.297961276606848e-02
-4.462586389901903e-02
-3.762975203569323e-02
-3.169562954498792e-02
-2.660865746020076e-02
-2.220905720991155e-02
-1.837552576659082e-02
-1.501425103794467e-02
-1.205145698879328e-02
-9.428234580413759e-03
-7.096888730344419e-03
-5.018311958770797e-03
-3.160066513689137e-03
-1.494964112967555e-03
-3.342174986325877e-17
-3.324134045325783e-17
-3.310146828961930e-17
-3.299269204029904e-17
-3.290799878999991e-17
-3.284210669896023e-17
-3.279098299475983e-17
-3.275151583090723e-17
-3.272128127759841e-17
-3.269837493030744e-17
-3.268128919245072e-17
-3.266882334566976e-17
-3.266001645024422e-17
-3.265409655531949e-17
-3.265044191618232e-17
-3.264855133715892e-17
-3.264795105765821e-17
-7.425784965394819e-01
-5.465015350287867e-01
-3.586208321711323e-01
-2.494770643236723e-01
-1.857225581127282e-01
-1.441038698860489e-01
-1.150042849210516e-01
-9.361265487545983e-02
-7.726385643006578e-02
-6.438599737256893e-02
-5.399498534409398e-02
-4.544567170036587e-02
-3.829864847006312e-02
-3.224482139545115e-02
-2.706067269470275e-02
-2.258062903391216e-02
-1.867940257822276e-02
-1.526036891879854e-02
-1.224772040944722e-02
-9.581048868128260e-03
-7.211531073348561e-03
-5.099194899256410e-03
-3.210928282342277e-03
-1.519008381347892e-03
-3.087792018518115e-17
-3.075163762448182e-17
-3.065723147844938e-17
-3.058598822934140e-17
-3.053181532617877e-17
-3.049041586117809e-17
-3.045869488436058e-17
-3.043440005062779e-17
-3.041586710634265e-17
-3.040184593007610e-17
-3.039138171621150e-17
-3.038373400026873e-17
-3.037832069529560e-17
-3.037467878783264e-17
-3.037243638987319e-17
-3.037129292085352e-17
-3.037088349525969e-17
-9.320575215664861e-01
-6.250703375374365e-01
-3.814556400968064e-01
-2.594050004382522e-01
-1.913473253862655e-01
-1.475923472571099e-01
-1.173742767733329e-01
-9.532056913424058e-02
-7.854788529276303e-02
-6.538192141681427e-02
-5.478504193883397e-02
-4.608256245228588e-02
-3.881768791230413e-02
-3.267059455377497e-02
-2.741087047536761e-02
-2.286835581429509e-02
-1.891461860458941e-02
-1.545082141024295e-02
-1.239956171127360e-02
-9.699256973953879e-03
-7.300201974215049e-03
-5.161749807179835e-03
-3.250263029519827e-03
-1.537602954508427e-03
-2.841900607640048e-17
-2.836330268695771e-17
-2.832866557648214e-17
-2.830703114876921e-17
-2.829339280009177e-17
-2.828461615614600e-17
-2.827879447519340e-17
-2.827478082812721e-17
-2.827190211563886e-17
-2.826977143784661e-17
-2.826816886201125e-17
-2.826696868699460e-17
-2.826609605962332e-17
-2.826550191187435e-17
-2.826514945073063e-17
-2.826500874463409e-17
-2.826486052259640e-17
-1.188354491936387e+00
-7.046686414264971e-01
-3.986772996739789e-01
-2.673770869409468e-01
-1.957666014370576e-01
-1.502860445141928e-01
-1.191990721978383e-01
-9.662860549557710e-02
-7.952838531385335e-02
-6.614075551623243e-02
-5.538603480691317e-02
-4.656646069718078e-02
-3.921168712196009e-02
-3.299357431612487e-02
-2.767638265515625e-02
-2.308641785645215e-02
-1.909283082942159e-02
-1.559508627620427e-02
-1.251456029112689e-02
-9.788772462018543e-03
-7.367344210511407e-03
-5.209114185987907e-03
-3.280044887923758e-03
-1.551681366815617e-03
-2.607550541771094e-17
-2.611060218196152e-17
-2.615332219330589e-17
-2.619635081472851e-17
-2.623568146668677e-17
-2.626969042099241e-17
-2.629789855404939e-17
-2.632055454634616e-17
-2.633826569729865e-17
-2.635177160513039e-17
-2.636181696870965e-17
-2.636908616031714e-17
-2.637417485480165e-17
-2.637758257814719e-17
-2.637971578850297e-17
-2.638089615125503e-17
-2.638106572167933e-17
-1.540185059044771e+00
-7.781890359125651e-01
-4.098564532275881e-01
-2.738362313118637e-01
-1.990715589420205e-01
-1.523049867208547e-01
-1.205626477772499e-01
-9.760109639457305e-02
-8.025615294782167e-02
-6.670296667442334e-02
-5.583077143553897e-02
-4.692422264926981e-02
-3.950278473885939e-02
-3.323207802587394e-02
-2.787237292894471e-02
-2.324733474025879e-02
-1.922431155868765e-02
-1.570150369416233e-02
-1.259937890012710e-02
-9.854789822686009e-03
-7.416858280426640e-03
-5.244041611166116e-03
-3.302006043640294e-03
-1.562062647763145e-03
-2.386625329392408e-17
-2.401584652102912e-17
-2.415720311755129e-17
-2.428272898910071e-17
-2.439038912280516e-17
-2.447963378103859e-17
-2.455179525408393e-17
-2.460888003429428e-17
-2.465312167100466e-17
-2.468671977810796e-17
-2.471168649621025e-17
-2.472977410654684e-17
-2.474245672642301e-17
-2.475094486149525e-17
-2.475621940367398e-17
-2.475907923967768e-17
-2.475975190433286e-17
-2.026558906001860e+00
-8.344621552857067e-01
-4.161008385328074e-01
-2.791303153028916e-01
-2.013503136963807e-01
-1.537788262603257e-01
-1.215396309116695e-01
-9.829769219420166e-02
-8.077668214532448e-02
-6.710448228007489e-02
-5.614814594435576e-02
-4.717935184157503e-02
-3.971027258397366e-02
-3.340201406793080e-02
-2.801197802925041e-02
-2.336193215623207e-02
-1.931793072418292e-02
-1.577726766529109e-02
-1.265976018422830e-02
-9.901783694248842e-03
-7.452102827020109e-03
-5.268902502867996e-03
-3.317637405467895e-03
-1.569451683300238e-03
-2.180122095618426e-17
-2.209152514903399e-17
-2.235384805307702e-17
-2.258505502104593e-17
-2.277938969357698e-17
-2.293942326282600e-17
-2.306786424817858e-17
-2.316858754903066e-17
-2.324598580561046e-17
-2.330432616694064e-17
-2.334741415422570e-17
-2.337848319059869e-17
-2.340020262313811e-17
-2.341473058951558e-17
-2.342376883242608e-17
-2.342860346544668e-17
-2.342946334246573e-17
-2.698038843665491e+00
-8.574620535980437e-01
-4.207686602124775e-01
-2.831320214265998e-01
-2.027725132307378e-01
-1.548214717659923e-01
-1.221951188601321e-01
-9.877246858920231e-02
-8.112931457890565e-02
-6.737656603516533e-02
-5.636303687446669e-02
-4.735201877004749e-02
-3.985064959978617e-02
-3.351695422277054e-02
-2.810638465279309e-02
-2.343941582908051e-02
-1.938122305289763e-02
-1.582848445824156e-02
-1.270057567899987e-02
-9.933548361733760e-03
-7.475924993130495e-03
-5.285705887711596e-03
-3.328202427405798e-03
-1.574445787470000e-03
-1.988384558581265e-17
-2.033008214764881e-17
-2.074730047645749e-17
-2.110570099764545e-17
-2.141727022649231e-17
-2.167166961590036e-17
-2.187160426510671e-17
-2.202499690725660e-17
-2.214060128990563e-17
-2.222634839260990e-17
-2.228887244509153e-17
-2.233349533393847e-17
-2.236438702829949e-17
-2.238479910753459e-17
-2.239733406116321e-17
-2.240423538204860e-17
-2.240685388002299e-17
-3.616906180364386e+00
-8.259013164804719e-01
-4.300766247301522e-01
-2.847924645430092e-01
-2.037494030423652e-01
-1.554740279779683e-01
-1.225984428839241e-01
-9.907009125063614e-02
-8.134788765922041e-02
-6.754587412821800e-02
-5.649647916362260e-02
-4.745926980781325e-02
-3.993780794063261e-02
-3.358831094029464e-02
-2.816498515850131e-02
-2.348750734451953e-02
-1.942050351268354e-02
-1.586026888186418e-02
-1.272590418180502e-02
-9.953259686215138e-03
-7.490707367630212e-03
-5.296132760075377e-03
-3.334758188258918e-03
-1.577544693908997e-03
-1.811290219900486e-17
-1.871247093376359e-17
-1.924880073393305e-17
-1.985136579508041e-17
-2.034124124245070e-17
-2.071601650934442e-17
-2.099657188289038e-17
-2.120395643003731e-17
-2.135553301691058e-17
-2.146495914609747e-17
-2.154285095594477e-17
-2.159741800393685e-17
-2.163491841709960e-17
-2.165992120498837e-17
-2.167540332955747e-17
-2.168274543920765e-17
-2.168020252189862e-17
-4.855859311681069e+00
-7.134045053715998e-01
-4.534541144283975e-01
-2.817188658656477e-01
-2.051455366352231e-01
-1.556124640965924e-01
-1.228569675535279e-01
-9.921443194063247e-02
-8.146478152046509e-02
-6.763367263065710e-02
-5.656632187488438e-02
-4.751523403746399e-02
-3.998332010073949e-02
-3.362555895433676e-02
-2.819557416767695e-02
-2.351260886681644e-02
-1.944100527810073e-02
-1.587685771624770e-02
-1.273912326904766e-02
-9.963546928742380e-03
-7.498422164477023e-03
-5.301574413522233e-03
-3.338179556834112e-03
-1.579162012150595e-03
-1.648396293255967e-17
-1.646009577630488e-17
-1.797271607517489e-17
-1.896301355131663e-17
-1.964730995247773e-17
-2.013086705198000e-17
-2.047615473006307e-17
-2.072292142644914e-17
-2.089789087203768e-17
-2.101981021684828e-17
-2.110231404943521e-17
-2.115571226683193e-17
-2.118823545649818e-17
-2.120700538616473e-17
-2.121885515928061e-17
-2.123103595600519e-17
-2.125123407381814e-17
-4.829610660754049e+00
-7.380256559958028e-01
-4.477343824926431e-01
-2.838374644944406e-01
-2.048025975226692e-01
-1.558443718146399e-01
-1.228840595467360e-01
-9.926931621981726e-02
-8.149593232562018e-02
-6.766025189227878e-02
-5.658662834357398e-02
-4.753171141986590e-02
-3.999666876403880e-02
-3.363649512159392e-02
-2.820455201960726e-02
-2.351997672415587e-02
-1.944702268347271e-02
-1.588172672250624e-02
-1.274300319472145e-02
-9.966566279450735e-03
-7.500686447853564e-03
-5.303171552604902e-03
-3.339183725324814e-03
-1.579636702627743e-03
-7.852108257335059e-18
-1.545470861037693e-17
-1.747201942093059e-17
-1.864993637410343e-17
-1.941563551565404e-17
-1.994066340324667e-17
-2.030897719462670e-17
-2.056878710849235e-17
-2.075056793523633e-17
-2.087471348458309e-17
-2.095526025124597e-17
-2.100183783027789e-17
-2.102069196509180e-17
-2.101516211453557e-17
-2.098582448188855e-17
-2.093053466790443e-17
-2.083858737654077e-17
